"Date","Price","Open","High","Low","Vol.","Change %"
"07/07/2025","0.56","0.56","0.57","0.55","2.51M","0.00%"
"07/04/2025","0.56","0.57","0.57","0.55","1.68M","-1.75%"
"07/03/2025","0.57","0.54","0.58","0.54","2.56M","5.56%"
"07/02/2025","0.54","0.51","0.55","0.51","5.48M","5.88%"
"06/30/2025","0.51","0.51","0.52","0.50","1.48M","-1.92%"
"06/27/2025","0.52","0.51","0.52","0.51","1.75M","1.96%"
"06/26/2025","0.51","0.50","0.52","0.50","2.55M","0.00%"
"06/25/2025","0.51","0.51","0.51","0.50","3.23M","-1.92%"
"06/24/2025","0.52","0.50","0.52","0.50","2.03M","4.00%"
"06/23/2025","0.50","0.50","0.51","0.50","1.22M","0.00%"
"06/20/2025","0.50","0.50","0.50","0.50","1.57M","0.00%"
"06/19/2025","0.50","0.50","0.50","0.50","470.22K","0.00%"
"06/18/2025","0.50","0.50","0.50","0.50","1.19M","0.00%"
"06/17/2025","0.50","0.50","0.50","0.49","661.00K","0.00%"
"06/16/2025","0.50","0.49","0.50","0.49","879.30K","0.00%"
"06/13/2025","0.50","0.50","0.50","0.49","832.46K","0.00%"
"06/12/2025","0.49","0.49","0.50","0.49","902.48K","0.00%"
"06/11/2025","0.49","0.49","0.50","0.49","1.70M","0.00%"
"06/10/2025","0.49","0.48","0.49","0.48","957.66K","1.04%"
"06/09/2025","0.48","0.48","0.49","0.48","1.34M","-1.03%"
"06/06/2025","0.49","0.48","0.49","0.48","1.20M","1.04%"
"06/05/2025","0.48","0.47","0.49","0.47","3.21M","0.00%"
"06/04/2025","0.47","0.48","0.48","0.47","964.15K","0.00%"
"06/03/2025","0.48","0.47","0.48","0.47","1.42M","0.00%"
"06/02/2025","0.48","0.47","0.48","0.47","1.65M","0.00%"
"05/30/2025","0.47","0.47","0.48","0.47","971.18K","0.00%"
"05/29/2025","0.48","0.48","0.48","0.47","1.69M","0.00%"
"05/28/2025","0.48","0.47","0.48","0.47","884.73K","0.00%"
"05/27/2025","0.47","0.47","0.48","0.47","1.70M","0.00%"
"05/26/2025","0.47","0.47","0.48","0.47","684.37K","0.00%"
"05/23/2025","0.47","0.48","0.48","0.47","863.33K","0.00%"
"05/22/2025","0.48","0.47","0.48","0.47","721.53K","0.00%"
"05/21/2025","0.48","0.47","0.48","0.47","1.57M","0.00%"
"05/20/2025","0.47","0.47","0.47","0.47","969.08K","0.00%"
"05/19/2025","0.47","0.47","0.47","0.47","1.93M","0.00%"
"05/16/2025","0.47","0.47","0.48","0.47","1.88M","0.00%"
"05/15/2025","0.47","0.47","0.47","0.47","2.79M","0.00%"
"05/14/2025","0.48","0.49","0.49","0.47","7.07M","0.00%"
"05/13/2025","0.48","0.47","0.48","0.47","724.59K","0.00%"
"05/12/2025","0.48","0.47","0.48","0.47","536.66K","0.00%"
"05/09/2025","0.47","0.47","0.47","0.47","2.81M","0.00%"
"05/08/2025","0.47","0.47","0.47","0.47","406.01K","0.00%"
"05/07/2025","0.47","0.47","0.47","0.47","964.21K","0.00%"
"05/06/2025","0.47","0.47","0.47","0.47","875.17K","0.00%"
"05/02/2025","0.47","0.47","0.47","0.47","824.11K","0.00%"
"04/30/2025","0.47","0.46","0.47","0.46","534.11K","0.00%"
"04/29/2025","0.47","0.46","0.47","0.46","1.01M","0.00%"
"04/28/2025","0.47","0.46","0.47","0.46","1.73M","2.17%"
"04/25/2025","0.46","0.46","0.46","0.46","691.54K","0.00%"
"04/24/2025","0.46","0.46","0.46","0.46","553.26K","0.00%"
"04/23/2025","0.46","0.46","0.46","0.46","1.56M","0.00%"
"04/22/2025","0.46","0.46","0.46","0.46","759.88K","0.00%"
"04/17/2025","0.46","0.45","0.46","0.45","1.34M","1.11%"
"04/16/2025","0.45","0.44","0.46","0.44","865.36K","-1.10%"
"04/15/2025","0.46","0.44","0.46","0.44","1.07M","2.25%"
"04/14/2025","0.44","0.44","0.45","0.44","2.05M","0.00%"
"04/11/2025","0.44","0.45","0.45","0.44","2.32M","0.00%"
"04/10/2025","0.45","0.45","0.46","0.44","1.63M","0.00%"
"04/09/2025","0.44","0.45","0.45","0.44","3.56M","-2.20%"
"04/08/2025","0.46","0.46","0.46","0.45","3.17M","0.00%"
"04/07/2025","0.46","0.47","0.47","0.45","9.11M","-5.21%"
"04/03/2025","0.48","0.48","0.49","0.48","2.07M","0.00%"
"04/02/2025","0.48","0.47","0.49","0.47","653.69K","0.00%"
"04/01/2025","0.47","0.47","0.49","0.47","5.71M","0.00%"
"03/31/2025","0.47","0.48","0.48","0.47","2.33M","0.00%"
"03/28/2025","0.47","0.48","0.48","0.47","9.84M","-3.09%"
"03/27/2025","0.49","0.50","0.50","0.47","7.52M","-2.02%"
"03/26/2025","0.50","0.50","0.50","0.49","2.00M","0.00%"
"03/25/2025","0.50","0.49","0.50","0.49","2.49M","0.00%"
"03/24/2025","0.49","0.50","0.50","0.49","2.81M","0.00%"
"03/21/2025","0.49","0.49","0.50","0.49","2.16M","0.00%"
"03/20/2025","0.49","0.49","0.50","0.49","2.28M","0.00%"
"03/19/2025","0.50","0.50","0.50","0.49","6.69M","-2.94%"
"03/18/2025","0.51","0.51","0.51","0.50","2.54M","0.00%"
"03/17/2025","0.51","0.50","0.51","0.50","2.48M","2.00%"
"03/14/2025","0.50","0.50","0.51","0.50","2.46M","-1.96%"
"03/13/2025","0.51","0.51","0.51","0.50","3.48M","0.00%"
"03/12/2025","0.51","0.51","0.52","0.50","4.37M","-1.92%"
"03/11/2025","0.52","0.51","0.52","0.50","2.50M","0.00%"
"03/10/2025","0.52","0.50","0.52","0.50","7.08M","1.96%"
"03/07/2025","0.51","0.50","0.51","0.49","5.16M","3.03%"
"03/06/2025","0.50","0.49","0.50","0.49","2.52M","3.13%"
"03/05/2025","0.48","0.49","0.49","0.48","2.67M","-1.03%"
"03/04/2025","0.49","0.49","0.49","0.48","6.32M","0.00%"
"03/03/2025","0.49","0.49","0.50","0.49","4.09M","0.00%"
"02/28/2025","0.49","0.49","0.50","0.49","1.60M","0.00%"
"02/27/2025","0.49","0.49","0.49","0.49","1.01M","0.00%"
"02/26/2025","0.49","0.49","0.50","0.49","3.21M","0.00%"
"02/25/2025","0.49","0.49","0.50","0.49","2.14M","0.00%"
"02/24/2025","0.50","0.49","0.50","0.48","5.76M","0.00%"
"02/21/2025","0.50","0.50","0.50","0.49","2.95M","0.00%"
"02/20/2025","0.50","0.49","0.50","0.49","2.17M","0.00%"
"02/19/2025","0.50","0.50","0.50","0.50","1.45M","0.00%"
"02/18/2025","0.50","0.50","0.50","0.49","3.91M","0.00%"
"02/17/2025","0.50","0.50","0.50","0.50","2.02M","0.00%"
"02/14/2025","0.50","0.50","0.50","0.50","3.35M","0.00%"
"02/13/2025","0.50","0.50","0.50","0.50","2.01M","0.00%"
"02/12/2025","0.50","0.50","0.50","0.50","1.91M","0.00%"
"02/11/2025","0.50","0.50","0.50","0.50","2.90M","-1.96%"
"02/10/2025","0.51","0.51","0.51","0.50","3.56M","0.00%"
"02/07/2025","0.51","0.50","0.51","0.50","1.20M","2.00%"
"02/06/2025","0.50","0.50","0.50","0.50","997.65K","0.00%"
"02/05/2025","0.50","0.50","0.50","0.50","6.70M","0.00%"
"02/04/2025","0.50","0.50","0.50","0.50","2.01M","0.00%"
"02/03/2025","0.49","0.49","0.50","0.49","1.21M","0.00%"
"01/28/2025","0.49","0.50","0.50","0.49","337.30K","0.00%"
"01/27/2025","0.50","0.49","0.50","0.49","1.37M","0.00%"
"01/24/2025","0.49","0.49","0.50","0.49","1.19M","0.00%"
"01/23/2025","0.49","0.49","0.49","0.49","1.27M","0.00%"
"01/22/2025","0.49","0.49","0.49","0.49","2.44M","0.00%"
"01/21/2025","0.49","0.49","0.50","0.49","1.70M","0.00%"
"01/20/2025","0.49","0.49","0.50","0.49","2.57M","0.00%"
"01/17/2025","0.49","0.49","0.49","0.49","959.87K","0.00%"
"01/16/2025","0.49","0.49","0.49","0.49","2.49M","0.00%"
"01/15/2025","0.49","0.49","0.49","0.49","701.04K","0.00%"
"01/14/2025","0.49","0.49","0.49","0.49","1.55M","0.00%"
"01/13/2025","0.49","0.48","0.49","0.48","1.65M","0.00%"
"01/10/2025","0.49","0.49","0.50","0.48","4.87M","0.00%"
"01/09/2025","0.49","0.50","0.50","0.49","845.73K","0.00%"
"01/08/2025","0.50","0.50","0.50","0.49","2.24M","0.00%"
"01/07/2025","0.50","0.50","0.50","0.49","858.31K","0.00%"
"01/06/2025","0.50","0.49","0.50","0.49","2.12M","2.04%"
"01/03/2025","0.49","0.49","0.50","0.49","880.51K","0.00%"
"01/02/2025","0.49","0.50","0.50","0.48","3.40M","0.00%"
"12/31/2024","0.50","0.50","0.50","0.50","2.68M","0.00%"
"12/30/2024","0.50","0.50","0.50","0.49","8.85M","0.00%"
"12/27/2024","0.50","0.50","0.51","0.50","2.42M","0.00%"
"12/24/2024","0.50","0.51","0.51","0.50","609.62K","-1.96%"
"12/23/2024","0.51","0.50","0.51","0.50","1.30M","0.00%"
"12/20/2024","0.51","0.51","0.51","0.50","920.49K","0.00%"
"12/19/2024","0.51","0.50","0.51","0.50","3.66M","0.00%"
"12/18/2024","0.51","0.51","0.51","0.50","1.99M","0.00%"
"12/17/2024","0.51","0.51","0.51","0.50","895.98K","2.00%"
"12/16/2024","0.50","0.51","0.52","0.50","1.82M","-3.85%"
"12/13/2024","0.52","0.51","0.52","0.51","2.71M","0.00%"
"12/12/2024","0.52","0.51","0.52","0.51","2.00M","0.00%"
"12/11/2024","0.52","0.52","0.53","0.51","1.29M","0.00%"
"12/10/2024","0.52","0.52","0.53","0.52","2.09M","1.96%"
"12/09/2024","0.51","0.52","0.52","0.51","6.00M","-3.77%"
"12/06/2024","0.53","0.54","0.54","0.52","1.86M","-1.85%"
"12/05/2024","0.54","0.53","0.54","0.53","1.58M","1.89%"
"12/04/2024","0.53","0.53","0.53","0.52","2.30M","1.92%"
"12/03/2024","0.52","0.53","0.53","0.52","2.96M","-1.89%"
"12/02/2024","0.53","0.54","0.54","0.53","4.31M","-1.85%"
"11/29/2024","0.54","0.54","0.55","0.54","2.82M","0.00%"
"11/28/2024","0.54","0.54","0.55","0.54","611.88K","0.00%"
"11/27/2024","0.54","0.54","0.55","0.54","1.08M","0.00%"
"11/26/2024","0.54","0.54","0.55","0.54","2.13M","0.00%"
"11/25/2024","0.54","0.54","0.55","0.54","1.24M","-1.82%"
"11/22/2024","0.55","0.55","0.56","0.54","4.46M","-1.79%"
"11/21/2024","0.56","0.55","0.56","0.55","1.43M","1.82%"
"11/20/2024","0.55","0.56","0.56","0.55","2.80M","-1.79%"
"11/19/2024","0.56","0.55","0.56","0.55","1.33M","1.82%"
"11/18/2024","0.55","0.55","0.56","0.55","981.00K","0.00%"
"11/15/2024","0.55","0.55","0.56","0.55","2.75M","-1.79%"
"11/14/2024","0.56","0.56","0.56","0.54","2.49M","1.82%"
"11/13/2024","0.55","0.56","0.56","0.55","3.90M","0.00%"
"11/12/2024","0.55","0.56","0.56","0.55","2.34M","-1.79%"
"11/11/2024","0.56","0.56","0.56","0.55","2.02M","0.00%"
"11/08/2024","0.56","0.57","0.57","0.56","899.56K","0.00%"
"11/07/2024","0.56","0.55","0.57","0.55","1.11M","1.82%"
"11/06/2024","0.55","0.57","0.57","0.55","1.83M","-1.79%"
"11/05/2024","0.56","0.55","0.57","0.55","2.91M","1.82%"
"11/04/2024","0.55","0.55","0.56","0.55","629.37K","0.00%"
"11/01/2024","0.55","0.54","0.56","0.54","961.75K","0.00%"
"10/31/2024","0.55","0.54","0.55","0.54","1.04M","1.85%"
"10/30/2024","0.54","0.55","0.55","0.53","2.23M","-1.82%"
"10/29/2024","0.55","0.55","0.55","0.54","1.67M","0.00%"
"10/28/2024","0.55","0.54","0.55","0.53","708.00K","1.85%"
"10/25/2024","0.54","0.53","0.55","0.53","728.02K","1.89%"
"10/24/2024","0.53","0.56","0.56","0.53","2.43M","-5.36%"
"10/23/2024","0.56","0.57","0.57","0.55","3.74M","-3.45%"
"10/22/2024","0.58","0.58","0.58","0.57","2.82M","0.00%"
"10/21/2024","0.58","0.58","0.58","0.57","1.53M","1.75%"
"10/18/2024","0.57","0.57","0.58","0.57","2.23M","-1.72%"
"10/17/2024","0.58","0.58","0.59","0.57","3.43M","0.00%"
"10/16/2024","0.58","0.58","0.58","0.57","2.47M","0.00%"
"10/15/2024","0.58","0.61","0.61","0.58","3.18M","-3.33%"
"10/14/2024","0.60","0.60","0.61","0.59","2.37M","0.00%"
"10/10/2024","0.60","0.59","0.60","0.58","2.20M","3.45%"
"10/09/2024","0.58","0.59","0.60","0.58","2.49M","0.00%"
"10/08/2024","0.58","0.64","0.64","0.58","6.53M","-9.38%"
"10/07/2024","0.64","0.63","0.64","0.62","3.51M","1.59%"
"10/04/2024","0.63","0.62","0.64","0.61","3.71M","0.00%"
"10/03/2024","0.63","0.60","0.64","0.59","7.19M","3.28%"
"10/02/2024","0.61","0.56","0.62","0.55","12.23M","8.93%"
"09/30/2024","0.56","0.56","0.58","0.56","8.41M","1.82%"
"09/27/2024","0.55","0.53","0.56","0.52","8.05M","3.77%"
"09/26/2024","0.53","0.53","0.53","0.52","4.84M","-1.85%"
"09/25/2024","0.54","0.54","0.55","0.52","4.37M","1.89%"
"09/24/2024","0.53","0.52","0.54","0.52","2.01M","1.92%"
"09/23/2024","0.52","0.54","0.54","0.51","1.53M","-3.70%"
"09/20/2024","0.54","0.54","0.56","0.54","2.93M","3.85%"
"09/19/2024","0.52","0.50","0.54","0.50","3.32M","4.00%"
"09/17/2024","0.50","0.50","0.50","0.50","2.82M","0.00%"
"09/16/2024","0.50","0.50","0.50","0.50","2.10M","0.00%"
"09/13/2024","0.50","0.50","0.50","0.50","2.07M","0.00%"
"09/12/2024","0.50","0.50","0.50","0.49","2.28M","0.00%"
"09/11/2024","0.50","0.50","0.51","0.50","3.06M","0.00%"
"09/10/2024","0.50","0.50","0.51","0.50","2.03M","0.00%"
"09/09/2024","0.50","0.50","0.50","0.50","1.20M","0.00%"
"09/05/2024","0.50","0.50","0.50","0.50","1.15M","0.00%"
"09/04/2024","0.50","0.50","0.50","0.50","1.18M","0.00%"
"09/03/2024","0.50","0.50","0.50","0.49","1.55M","0.00%"
"09/02/2024","0.50","0.49","0.50","0.49","2.26M","0.00%"
"08/30/2024","0.50","0.50","0.50","0.50","2.16M","0.00%"
"08/29/2024","0.50","0.50","0.51","0.50","2.47M","0.00%"
"08/28/2024","0.50","0.50","0.50","0.50","3.12M","0.00%"
"08/27/2024","0.50","0.50","0.51","0.50","2.29M","0.00%"
"08/26/2024","0.50","0.50","0.50","0.50","2.39M","0.00%"
"08/23/2024","0.50","0.49","0.50","0.49","1.59M","0.00%"
"08/22/2024","0.49","0.49","0.50","0.48","4.13M","0.00%"
"08/21/2024","0.50","0.49","0.50","0.49","2.40M","0.00%"
"08/20/2024","0.50","0.50","0.50","0.49","5.19M","0.00%"
"08/19/2024","0.50","0.51","0.51","0.49","5.23M","-4.81%"
"08/16/2024","0.52","0.51","0.52","0.50","4.19M","0.00%"
"08/15/2024","0.52","0.52","0.53","0.51","3.95M","-1.89%"
"08/14/2024","0.53","0.53","0.54","0.52","2.43M","0.00%"
"08/13/2024","0.53","0.53","0.54","0.52","1.69M","0.00%"
"08/12/2024","0.53","0.55","0.55","0.52","3.53M","-3.64%"
"08/09/2024","0.55","0.55","0.56","0.54","1.45M","1.85%"
"08/08/2024","0.54","0.55","0.55","0.54","1.71M","0.00%"
"08/07/2024","0.54","0.54","0.55","0.54","2.06M","0.00%"
"08/06/2024","0.54","0.53","0.55","0.53","1.77M","1.89%"
"08/05/2024","0.53","0.58","0.58","0.53","7.09M","-8.62%"
"08/02/2024","0.58","0.61","0.61","0.57","7.42M","-6.45%"
"08/01/2024","0.62","0.61","0.62","0.61","1.17M","0.00%"
"07/31/2024","0.62","0.62","0.62","0.61","1.01M","0.00%"
"07/30/2024","0.62","0.62","0.63","0.61","1.97M","0.00%"
"07/29/2024","0.62","0.62","0.63","0.62","1.40M","0.00%"
"07/26/2024","0.62","0.62","0.63","0.61","2.34M","1.64%"
"07/25/2024","0.61","0.62","0.63","0.61","4.45M","-3.17%"
"07/24/2024","0.63","0.64","0.65","0.63","3.58M","-1.56%"
"07/23/2024","0.64","0.65","0.66","0.64","3.54M","-3.03%"
"07/22/2024","0.66","0.65","0.67","0.65","670.28K","1.54%"
"07/19/2024","0.65","0.66","0.66","0.65","2.18M","-1.52%"
"07/18/2024","0.66","0.66","0.66","0.65","1.14M","-1.49%"
"07/17/2024","0.67","0.67","0.67","0.65","2.94M","0.00%"
"07/16/2024","0.67","0.67","0.67","0.66","3.55M","-1.47%"
"07/15/2024","0.68","0.67","0.68","0.67","1.99M","1.49%"
"07/12/2024","0.67","0.68","0.68","0.67","1.35M","1.52%"
"07/11/2024","0.66","0.67","0.67","0.66","1.93M","-1.49%"
"07/10/2024","0.67","0.66","0.67","0.66","1.94M","0.00%"
"07/09/2024","0.67","0.66","0.67","0.66","704.01K","1.52%"
"07/08/2024","0.66","0.67","0.67","0.66","1.42M","-1.49%"
"07/05/2024","0.67","0.66","0.67","0.66","769.11K","0.00%"
"07/04/2024","0.67","0.66","0.67","0.66","924.50K","0.00%"
"07/03/2024","0.67","0.66","0.67","0.66","1.48M","1.52%"
"07/02/2024","0.66","0.66","0.67","0.66","1.08M","0.00%"
"06/28/2024","0.66","0.66","0.67","0.66","1.10M","0.00%"
"06/27/2024","0.66","0.66","0.67","0.66","645.76K","0.00%"
"06/26/2024","0.66","0.66","0.67","0.66","771.38K","0.00%"
"06/25/2024","0.66","0.67","0.67","0.65","2.90M","-1.49%"
"06/24/2024","0.67","0.68","0.68","0.66","1.19M","-1.47%"
"06/21/2024","0.68","0.67","0.68","0.66","582.08K","1.49%"
"06/20/2024","0.67","0.67","0.67","0.66","1.66M","0.00%"
"06/19/2024","0.67","0.67","0.67","0.65","2.07M","0.00%"
"06/18/2024","0.67","0.67","0.67","0.66","1.06M","0.00%"
"06/17/2024","0.67","0.67","0.67","0.66","233.00K","0.00%"
"06/14/2024","0.67","0.67","0.68","0.66","1.17M","-1.47%"
"06/13/2024","0.68","0.68","0.69","0.67","1.59M","-1.45%"
"06/12/2024","0.69","0.69","0.70","0.68","1.18M","0.00%"
"06/11/2024","0.69","0.69","0.69","0.68","1.41M","0.00%"
"06/07/2024","0.69","0.70","0.70","0.69","1.27M","-1.43%"
"06/06/2024","0.70","0.71","0.71","0.70","1.16M","0.00%"
"06/05/2024","0.70","0.70","0.71","0.70","1.03M","0.00%"
"06/04/2024","0.70","0.70","0.72","0.69","1.80M","0.00%"
"06/03/2024","0.70","0.73","0.73","0.70","1.70M","-2.78%"
"05/31/2024","0.72","0.73","0.74","0.72","1.39M","0.00%"
"05/30/2024","0.72","0.74","0.74","0.72","1.43M","-2.70%"
"05/29/2024","0.74","0.73","0.74","0.72","1.11M","1.37%"
"05/28/2024","0.73","0.74","0.74","0.73","1.45M","0.00%"
"05/27/2024","0.73","0.73","0.74","0.73","635.85K","1.39%"
"05/24/2024","0.72","0.72","0.73","0.72","586.40K","0.00%"
"05/23/2024","0.72","0.73","0.73","0.72","3.31M","-2.70%"
"05/22/2024","0.74","0.73","0.74","0.73","289.12K","0.00%"
"05/21/2024","0.74","0.74","0.75","0.72","1.53M","0.00%"
"05/20/2024","0.74","0.74","0.75","0.73","1.23M","0.00%"
"05/17/2024","0.74","0.71","0.77","0.71","4.59M","4.23%"
"05/16/2024","0.71","0.70","0.71","0.69","1.70M","1.43%"
"05/14/2024","0.70","0.71","0.71","0.70","604.19K","-1.41%"
"05/13/2024","0.71","0.68","0.72","0.68","1.66M","4.41%"
"05/10/2024","0.68","0.67","0.69","0.67","2.33M","1.49%"
"05/09/2024","0.67","0.67","0.68","0.66","1.19M","0.00%"
"05/08/2024","0.67","0.67","0.68","0.66","2.85M","0.00%"
"05/07/2024","0.67","0.66","0.68","0.66","1.28M","1.52%"
"05/06/2024","0.66","0.66","0.67","0.66","1.13M","0.00%"
"05/03/2024","0.66","0.66","0.67","0.66","867.09K","0.00%"
"05/02/2024","0.66","0.66","0.67","0.65","1.77M","0.00%"
"04/30/2024","0.66","0.66","0.66","0.65","794.41K","0.00%"
"04/29/2024","0.66","0.65","0.66","0.65","1.18M","1.54%"
"04/26/2024","0.65","0.65","0.66","0.64","4.44M","0.00%"
"04/25/2024","0.65","0.65","0.66","0.64","1.03M","1.56%"
"04/24/2024","0.64","0.64","0.65","0.64","1.88M","0.00%"
"04/23/2024","0.64","0.63","0.66","0.63","2.11M","0.00%"
"04/22/2024","0.64","0.63","0.64","0.63","2.06M","1.59%"
"04/19/2024","0.63","0.63","0.63","0.63","533.56K","0.00%"
"04/18/2024","0.63","0.63","0.64","0.62","3.41M","0.00%"
"04/17/2024","0.63","0.62","0.63","0.62","1.44M","1.61%"
"04/16/2024","0.62","0.63","0.63","0.61","3.12M","-1.59%"
"04/15/2024","0.63","0.64","0.65","0.62","2.16M","-1.56%"
"04/12/2024","0.64","0.66","0.66","0.64","1.53M","-4.48%"
"04/11/2024","0.67","0.66","0.67","0.66","1.51M","1.52%"
"04/10/2024","0.66","0.66","0.67","0.66","778.51K","0.00%"
"04/09/2024","0.66","0.66","0.67","0.66","563.00K","0.00%"
"04/08/2024","0.66","0.66","0.67","0.66","1.14M","-1.49%"
"04/05/2024","0.67","0.66","0.67","0.66","620.04K","1.52%"
"04/03/2024","0.66","0.66","0.67","0.66","1.17M","0.00%"
"04/02/2024","0.66","0.66","0.67","0.66","887.85K","-1.49%"
"03/28/2024","0.67","0.66","0.68","0.66","2.00M","1.52%"
"03/27/2024","0.66","0.65","0.66","0.65","1.02M","1.54%"
"03/26/2024","0.65","0.65","0.66","0.65","1.51M","0.00%"
"03/25/2024","0.65","0.66","0.66","0.64","2.61M","-1.52%"
"03/22/2024","0.66","0.67","0.67","0.66","1.76M","-1.49%"
"03/21/2024","0.67","0.67","0.67","0.66","1.23M","0.00%"
"03/20/2024","0.67","0.67","0.68","0.66","809.40K","0.00%"
"03/19/2024","0.67","0.66","0.68","0.66","1.49M","1.52%"
"03/18/2024","0.66","0.66","0.67","0.65","1.00M","0.00%"
"03/15/2024","0.66","0.63","0.66","0.62","3.19M","4.76%"
"03/14/2024","0.63","0.63","0.64","0.62","3.69M","0.00%"
"03/13/2024","0.63","0.69","0.69","0.61","8.29M","-8.70%"
"03/12/2024","0.69","0.68","0.69","0.67","7.12M","1.47%"
"03/11/2024","0.68","0.71","0.72","0.67","11.24M","-8.11%"
"03/08/2024","0.74","0.75","0.75","0.73","1.65M","-1.33%"
"03/07/2024","0.75","0.76","0.77","0.73","3.11M","-1.32%"
"03/06/2024","0.76","0.78","0.78","0.74","2.24M","-2.56%"
"03/05/2024","0.78","0.78","0.78","0.77","1.35M","-1.27%"
"03/04/2024","0.79","0.83","0.84","0.77","5.08M","-5.95%"
"03/01/2024","0.84","0.84","0.84","0.83","1.47M","1.20%"
"02/29/2024","0.83","0.83","0.84","0.83","1.36M","-1.19%"
"02/28/2024","0.84","0.85","0.85","0.83","3.01M","-1.18%"
"02/27/2024","0.85","0.86","0.87","0.85","3.46M","-1.16%"
"02/26/2024","0.86","0.87","0.87","0.86","2.46M","-1.15%"
"02/23/2024","0.87","0.87","0.88","0.87","841.39K","0.00%"
"02/22/2024","0.87","0.87","0.88","0.86","1.79M","-1.14%"
"02/21/2024","0.88","0.87","0.88","0.87","1.66M","1.15%"
"02/20/2024","0.87","0.87","0.88","0.87","391.41K","0.00%"
"02/19/2024","0.87","0.87","0.87","0.86","904.65K","0.00%"
"02/16/2024","0.87","0.86","0.88","0.86","572.00K","0.00%"
"02/15/2024","0.87","0.87","0.87","0.87","1.21M","0.00%"
"02/14/2024","0.87","0.87","0.88","0.87","436.00K","0.00%"
"02/09/2024","0.87","0.87","0.88","0.87","764.39K","0.00%"
"02/08/2024","0.87","0.87","0.87","0.87","453.06K","0.00%"
"02/07/2024","0.87","0.88","0.88","0.87","991.62K","-1.14%"
"02/06/2024","0.88","0.87","0.88","0.87","633.60K","1.15%"
"02/05/2024","0.87","0.86","0.87","0.86","573.00K","1.16%"
"02/02/2024","0.86","0.87","0.87","0.86","1.57M","-1.15%"
"02/01/2024","0.87","0.86","0.87","0.86","605.43K","0.00%"
"01/31/2024","0.87","0.87","0.87","0.86","1.17M","1.16%"
"01/30/2024","0.86","0.87","0.87","0.86","895.50K","-1.15%"
"01/29/2024","0.87","0.86","0.87","0.86","1.17M","1.16%"
"01/26/2024","0.86","0.86","0.87","0.86","1.84M","0.00%"
"01/25/2024","0.86","0.86","0.87","0.86","666.15K","0.00%"
"01/24/2024","0.86","0.86","0.87","0.85","1.45M","0.00%"
"01/23/2024","0.86","0.85","0.86","0.84","702.43K","1.18%"
"01/22/2024","0.85","0.87","0.87","0.84","1.96M","-2.30%"
"01/19/2024","0.87","0.87","0.87","0.86","722.56K","0.00%"
"01/18/2024","0.87","0.87","0.87","0.86","806.64K","1.16%"
"01/17/2024","0.86","0.88","0.88","0.86","1.52M","-2.27%"
"01/16/2024","0.88","0.88","0.89","0.87","319.51K","0.00%"
"01/15/2024","0.88","0.88","0.88","0.88","472.51K","0.00%"
"01/12/2024","0.88","0.88","0.88","0.87","782.30K","0.00%"
"01/11/2024","0.88","0.87","0.89","0.87","545.39K","0.00%"
"01/10/2024","0.88","0.88","0.88","0.87","1.12M","-1.12%"
"01/09/2024","0.89","0.89","0.89","0.87","1.10M","1.14%"
"01/08/2024","0.88","0.90","0.90","0.88","1.20M","-1.12%"
"01/05/2024","0.89","0.88","0.90","0.87","709.63K","0.00%"
"01/04/2024","0.89","0.88","0.89","0.87","330.00K","2.30%"
"01/03/2024","0.87","0.87","0.88","0.87","450.00K","-1.14%"
"01/02/2024","0.88","0.89","0.90","0.88","692.00K","-3.30%"
"12/29/2023","0.91","0.85","0.91","0.85","3.41M","7.06%"
"12/28/2023","0.85","0.85","0.86","0.85","730.54K","1.19%"
"12/27/2023","0.84","0.84","0.85","0.84","917.00K","0.00%"
"12/22/2023","0.84","0.84","0.85","0.84","1.75M","0.00%"
"12/21/2023","0.84","0.85","0.85","0.84","907.68K","-1.18%"
"12/20/2023","0.85","0.85","0.85","0.84","1.36M","0.00%"
"12/19/2023","0.85","0.85","0.86","0.85","1.75M","-1.16%"
"12/18/2023","0.86","0.87","0.87","0.85","619.19K","-1.15%"
"12/15/2023","0.87","0.85","0.87","0.85","1.22M","1.16%"
"12/14/2023","0.86","0.85","0.86","0.84","1.24M","2.38%"
"12/13/2023","0.84","0.85","0.85","0.84","887.00K","-1.18%"
"12/12/2023","0.85","0.84","0.85","0.84","754.14K","1.19%"
"12/11/2023","0.84","0.86","0.86","0.83","2.00M","-1.18%"
"12/08/2023","0.85","0.86","0.86","0.85","985.12K","0.00%"
"12/07/2023","0.85","0.85","0.86","0.85","933.94K","-1.16%"
"12/06/2023","0.86","0.85","0.86","0.85","1.77M","1.18%"
"12/05/2023","0.85","0.86","0.88","0.85","1.53M","-1.16%"
"12/04/2023","0.86","0.87","0.87","0.86","1.47M","-1.15%"
"12/01/2023","0.87","0.87","0.88","0.87","1.11M","-1.14%"
"11/30/2023","0.88","0.88","0.88","0.86","1.49M","0.00%"
"11/29/2023","0.88","0.89","0.89","0.87","1.80M","-1.12%"
"11/28/2023","0.89","0.89","0.89","0.88","948.20K","0.00%"
"11/27/2023","0.89","0.88","0.89","0.88","1.10M","1.14%"
"11/24/2023","0.88","0.88","0.89","0.88","878.26K","0.00%"
"11/23/2023","0.88","0.88","0.89","0.88","1.35M","0.00%"
"11/22/2023","0.88","0.89","0.89","0.88","986.87K","-1.12%"
"11/21/2023","0.89","0.89","0.89","0.88","1.77M","0.00%"
"11/20/2023","0.89","0.88","0.89","0.88","1.13M","1.14%"
"11/17/2023","0.88","0.89","0.89","0.88","886.00K","0.00%"
"11/16/2023","0.88","0.89","0.89","0.88","1.28M","-1.12%"
"11/15/2023","0.89","0.89","0.90","0.88","1.34M","1.14%"
"11/14/2023","0.88","0.89","0.89","0.88","1.00M","-1.12%"
"11/13/2023","0.89","0.88","0.89","0.88","533.61K","1.14%"
"11/10/2023","0.88","0.88","0.89","0.88","911.40K","0.00%"
"11/09/2023","0.88","0.89","0.89","0.88","827.00K","-1.12%"
"11/08/2023","0.89","0.89","0.90","0.89","612.52K","0.00%"
"11/07/2023","0.89","0.88","0.89","0.88","1.33M","0.00%"
"11/06/2023","0.89","0.89","0.90","0.88","1.23M","0.00%"
"11/03/2023","0.89","0.89","0.89","0.88","1.23M","1.14%"
"11/02/2023","0.88","0.89","0.90","0.88","797.02K","-1.12%"
"11/01/2023","0.89","0.89","0.89","0.88","692.18K","-1.11%"
"10/31/2023","0.90","0.88","0.90","0.88","326.21K","2.27%"
"10/30/2023","0.88","0.89","0.90","0.88","1.25M","-1.12%"
"10/27/2023","0.89","0.89","0.90","0.88","2.21M","0.00%"
"10/26/2023","0.89","0.89","0.90","0.89","949.68K","0.00%"
"10/25/2023","0.89","0.90","0.90","0.89","1.17M","-1.11%"
"10/24/2023","0.90","0.89","0.91","0.88","1.15M","0.00%"
"10/20/2023","0.90","0.91","0.92","0.90","632.45K","-1.10%"
"10/19/2023","0.91","0.91","0.92","0.90","750.00K","1.11%"
"10/18/2023","0.90","0.91","0.92","0.90","2.09M","-1.10%"
"10/17/2023","0.91","0.91","0.92","0.91","956.06K","0.00%"
"10/16/2023","0.91","0.92","0.93","0.91","1.57M","-2.15%"
"10/13/2023","0.93","0.92","0.94","0.91","1.74M","1.09%"
"10/12/2023","0.92","0.91","0.93","0.91","426.89K","1.10%"
"10/11/2023","0.91","0.91","0.93","0.91","1.91M","0.00%"
"10/10/2023","0.91","0.90","0.91","0.90","1.03M","2.25%"
"10/09/2023","0.89","0.90","0.90","0.89","150.00K","-1.11%"
"10/06/2023","0.90","0.89","0.90","0.88","1.40M","1.12%"
"10/05/2023","0.89","0.90","0.91","0.88","1.19M","-2.20%"
"10/04/2023","0.91","0.91","0.92","0.90","675.48K","-1.09%"
"10/03/2023","0.92","0.92","0.93","0.91","1.50M","0.00%"
"09/29/2023","0.92","0.93","0.94","0.92","636.91K","0.00%"
"09/28/2023","0.92","0.92","0.93","0.92","1.52M","0.00%"
"09/27/2023","0.92","0.92","0.93","0.92","519.14K","-1.08%"
"09/26/2023","0.93","0.91","0.93","0.91","1.38M","2.20%"
"09/25/2023","0.91","0.92","0.93","0.91","3.12M","0.00%"
"09/22/2023","0.91","0.91","0.92","0.91","901.28K","0.00%"
"09/21/2023","0.91","0.90","0.91","0.90","542.65K","-1.09%"
"09/20/2023","0.92","0.91","0.92","0.90","1.50M","1.10%"
"09/19/2023","0.91","0.90","0.91","0.90","1.23M","1.11%"
"09/18/2023","0.90","0.90","0.91","0.90","797.00K","0.00%"
"09/15/2023","0.90","0.90","0.91","0.90","989.55K","1.12%"
"09/14/2023","0.89","0.89","0.89","0.89","395.13K","0.00%"
"09/13/2023","0.89","0.88","0.89","0.88","568.01K","1.14%"
"09/12/2023","0.88","0.88","0.89","0.88","999.00K","1.15%"
"09/11/2023","0.87","0.87","0.88","0.87","1.26M","0.00%"
"09/07/2023","0.87","0.87","0.88","0.87","1.92M","0.00%"
"09/06/2023","0.87","0.87","0.88","0.86","1.70M","0.00%"
"09/05/2023","0.87","0.89","0.89","0.87","1.41M","-1.14%"
"09/04/2023","0.88","0.88","0.89","0.87","1.64M","0.00%"
"08/31/2023","0.88","0.88","0.89","0.87","1.19M","0.00%"
"08/30/2023","0.88","0.89","0.90","0.88","472.64K","0.00%"
"08/29/2023","0.88","0.86","0.88","0.86","1.23M","2.33%"
"08/28/2023","0.86","0.87","0.87","0.85","905.67K","-1.15%"
"08/25/2023","0.87","0.87","0.87","0.85","1.43M","1.16%"
"08/24/2023","0.86","0.87","0.87","0.85","1.67M","0.00%"
"08/23/2023","0.86","0.86","0.88","0.86","720.24K","0.00%"
"08/22/2023","0.86","0.86","0.87","0.86","386.63K","0.00%"
"08/21/2023","0.86","0.85","0.87","0.85","2.48M","0.00%"
"08/18/2023","0.86","0.89","0.89","0.82","3.55M","-3.37%"
"08/17/2023","0.89","0.84","0.89","0.84","915.99K","4.71%"
"08/16/2023","0.85","0.87","0.87","0.81","4.35M","-2.30%"
"08/15/2023","0.87","0.91","0.92","0.86","3.73M","-5.43%"
"08/14/2023","0.92","0.93","0.94","0.91","2.96M","-2.13%"
"08/11/2023","0.94","0.94","0.94","0.93","1.55M","0.00%"
"08/10/2023","0.94","0.98","0.98","0.93","3.19M","-6.00%"
"08/09/2023","1.00","0.99","1.00","0.99","904.00K","2.04%"
"08/08/2023","0.98","0.99","1.00","0.98","1.07M","0.00%"
"08/07/2023","0.98","0.98","0.99","0.97","963.58K","0.00%"
"08/04/2023","0.98","0.96","0.98","0.96","2.43M","2.08%"
"08/03/2023","0.96","0.98","0.98","0.96","2.41M","-2.04%"
"08/02/2023","0.98","0.98","0.99","0.97","2.35M","0.00%"
"08/01/2023","0.98","1.00","1.00","0.98","5.57M","-2.00%"
"07/31/2023","1.00","1.08","1.08","0.97","10.83M","-10.71%"
"07/28/2023","1.12","1.11","1.12","1.10","840.74K","1.82%"
"07/27/2023","1.10","1.10","1.10","1.10","760.13K","0.00%"
"07/26/2023","1.10","1.09","1.11","1.09","1.08M","0.00%"
"07/25/2023","1.10","1.10","1.10","1.09","1.57M","0.00%"
"07/24/2023","1.10","1.10","1.11","1.10","1.15M","0.00%"
"07/21/2023","1.10","1.10","1.11","1.10","532.79K","0.00%"
"07/20/2023","1.10","1.09","1.11","1.09","1.13M","0.92%"
"07/19/2023","1.09","1.10","1.10","1.09","1.14M","-0.91%"
"07/18/2023","1.10","1.10","1.11","1.09","802.77K","0.00%"
"07/14/2023","1.10","1.10","1.11","1.09","1.43M","0.00%"
"07/13/2023","1.10","1.10","1.10","1.09","1.23M","0.92%"
"07/12/2023","1.09","1.11","1.11","1.09","944.71K","-0.91%"
"07/11/2023","1.10","1.10","1.11","1.10","1.10M","0.00%"
"07/10/2023","1.10","1.10","1.11","1.09","1.22M","0.00%"
"07/07/2023","1.10","1.10","1.10","1.09","1.13M","0.00%"
"07/06/2023","1.10","1.09","1.10","1.09","943.37K","0.92%"
"07/05/2023","1.09","1.10","1.10","1.09","1.32M","-0.91%"
"07/04/2023","1.10","1.10","1.10","1.08","2.02M","1.85%"
"07/03/2023","1.08","1.09","1.10","1.08","2.73M","0.00%"
"06/30/2023","1.08","1.08","1.09","1.08","1.13M","0.00%"
"06/29/2023","1.08","1.09","1.09","1.08","640.54K","0.00%"
"06/28/2023","1.08","1.08","1.08","1.08","320.00K","0.00%"
"06/27/2023","1.08","1.07","1.09","1.07","473.64K","0.93%"
"06/26/2023","1.07","1.07","1.08","1.06","882.53K","0.00%"
"06/23/2023","1.07","1.08","1.08","1.07","1.03M","-0.93%"
"06/21/2023","1.08","1.10","1.10","1.06","4.97M","-0.92%"
"06/20/2023","1.09","1.09","1.10","1.09","1.16M","0.00%"
"06/19/2023","1.09","1.11","1.12","1.09","1.53M","-0.91%"
"06/16/2023","1.10","1.10","1.10","1.08","1.39M","0.00%"
"06/15/2023","1.10","1.09","1.11","1.09","461.09K","0.92%"
"06/14/2023","1.09","1.10","1.11","1.09","746.25K","0.00%"
"06/13/2023","1.09","1.10","1.10","1.09","909.59K","0.00%"
"06/12/2023","1.09","1.09","1.10","1.08","310.00K","0.00%"
"06/09/2023","1.09","1.09","1.10","1.08","780.29K","0.00%"
"06/08/2023","1.09","1.10","1.10","1.08","449.00K","-0.91%"
"06/07/2023","1.10","1.09","1.10","1.08","413.00K","1.85%"
"06/06/2023","1.08","1.08","1.08","1.07","657.99K","0.00%"
"06/05/2023","1.08","1.08","1.08","1.06","1.34M","0.00%"
"06/02/2023","1.08","1.07","1.09","1.07","673.49K","0.00%"
"06/01/2023","1.08","1.07","1.08","1.07","449.32K","0.00%"
"05/31/2023","1.08","1.08","1.09","1.05","2.09M","0.00%"
"05/30/2023","1.08","1.08","1.09","1.07","996.23K","-0.92%"
"05/29/2023","1.09","1.09","1.10","1.07","2.55M","0.00%"
"05/25/2023","1.09","1.10","1.10","1.07","2.36M","-0.91%"
"05/24/2023","1.10","1.10","1.10","1.09","1.35M","0.00%"
"05/23/2023","1.10","1.10","1.11","1.09","1.41M","0.00%"
"05/22/2023","1.10","1.10","1.12","1.10","923.54K","0.00%"
"05/19/2023","1.10","1.10","1.11","1.10","268.93K","0.92%"
"05/18/2023","1.09","1.11","1.11","1.09","1.65M","-0.91%"
"05/17/2023","1.10","1.10","1.11","1.09","764.86K","0.00%"
"05/16/2023","1.10","1.10","1.11","1.09","1.41M","0.00%"
"05/15/2023","1.10","1.10","1.11","1.09","1.62M","-0.90%"
"05/12/2023","1.11","1.12","1.13","1.10","3.94M","-1.77%"
"05/11/2023","1.13","1.13","1.13","1.12","1.06M","0.89%"
"05/10/2023","1.12","1.13","1.13","1.12","586.00K","0.00%"
"05/09/2023","1.12","1.13","1.13","1.12","1.31M","-0.88%"
"05/08/2023","1.13","1.12","1.14","1.12","1.01M","-0.88%"
"05/05/2023","1.14","1.13","1.15","1.12","2.08M","0.88%"
"05/04/2023","1.13","1.10","1.13","1.10","1.26M","2.73%"
"05/03/2023","1.10","1.10","1.10","1.10","1.27M","-0.90%"
"05/02/2023","1.11","1.11","1.11","1.09","2.00M","0.00%"
"04/28/2023","1.11","1.10","1.12","1.10","2.19M","0.00%"
"04/27/2023","1.11","1.11","1.11","1.10","343.65K","0.00%"
"04/26/2023","1.11","1.09","1.11","1.09","419.00K","1.83%"
"04/25/2023","1.09","1.11","1.11","1.09","884.00K","-1.80%"
"04/24/2023","1.11","1.11","1.12","1.10","1.31M","-0.89%"
"04/21/2023","1.12","1.11","1.13","1.11","557.07K","0.00%"
"04/20/2023","1.12","1.10","1.12","1.10","1.26M","2.75%"
"04/19/2023","1.09","1.10","1.12","1.08","3.08M","-0.91%"
"04/18/2023","1.10","1.10","1.10","1.08","2.47M","0.00%"
"04/17/2023","1.10","1.09","1.10","1.08","959.00K","0.92%"
"04/14/2023","1.09","1.07","1.09","1.07","1.26M","1.87%"
"04/13/2023","1.07","1.07","1.08","1.07","1.72M","0.00%"
"04/12/2023","1.07","1.08","1.08","1.07","1.85M","-0.93%"
"04/11/2023","1.08","1.08","1.09","1.07","619.06K","0.00%"
"04/06/2023","1.08","1.08","1.09","1.07","446.50K","0.00%"
"04/04/2023","1.08","1.07","1.09","1.07","514.26K","0.93%"
"04/03/2023","1.07","1.07","1.09","1.07","425.00K","-0.93%"
"03/31/2023","1.08","1.07","1.09","1.07","746.20K","1.89%"
"03/30/2023","1.06","1.06","1.07","1.06","434.00K","0.00%"
"03/29/2023","1.06","1.07","1.08","1.04","830.85K","-2.75%"
"03/28/2023","1.09","1.08","1.09","1.07","252.00K","1.87%"
"03/27/2023","1.07","1.08","1.08","1.06","1.26M","-0.93%"
"03/24/2023","1.08","1.10","1.10","1.07","841.00K","-1.82%"
"03/23/2023","1.10","1.09","1.10","1.07","966.07K","1.85%"
"03/22/2023","1.08","1.09","1.10","1.07","777.95K","0.00%"
"03/21/2023","1.08","1.08","1.10","1.08","620.00K","0.93%"
"03/20/2023","1.07","1.11","1.12","1.07","3.28M","-4.46%"
"03/17/2023","1.12","1.14","1.15","1.12","1.67M","-2.61%"
"03/16/2023","1.15","1.15","1.15","1.13","1.41M","-2.54%"
"03/15/2023","1.18","1.16","1.19","1.16","2.55M","1.72%"
"03/14/2023","1.16","1.14","1.17","1.14","992.51K","0.87%"
"03/13/2023","1.15","1.16","1.17","1.14","1.41M","-0.86%"
"03/10/2023","1.16","1.16","1.17","1.15","1.16M","0.00%"
"03/09/2023","1.16","1.16","1.18","1.16","1.38M","-0.85%"
"03/08/2023","1.17","1.18","1.18","1.17","346.52K","-0.85%"
"03/07/2023","1.18","1.17","1.18","1.17","819.88K","0.85%"
"03/06/2023","1.17","1.15","1.19","1.14","2.94M","1.74%"
"03/03/2023","1.15","1.15","1.16","1.15","779.82K","0.00%"
"03/02/2023","1.15","1.17","1.17","1.14","793.92K","-0.86%"
"03/01/2023","1.16","1.13","1.17","1.13","1.89M","1.75%"
"02/28/2023","1.14","1.12","1.14","1.12","741.07K","1.79%"
"02/27/2023","1.12","1.14","1.14","1.12","1.14M","-1.75%"
"02/24/2023","1.14","1.17","1.18","1.14","1.55M","-2.56%"
"02/23/2023","1.17","1.19","1.20","1.17","4.26M","-2.50%"
"02/22/2023","1.20","1.20","1.21","1.19","597.00K","-0.83%"
"02/21/2023","1.21","1.20","1.22","1.19","1.97M","0.83%"
"02/20/2023","1.20","1.20","1.21","1.19","630.00K","0.00%"
"02/17/2023","1.20","1.20","1.21","1.20","397.00K","0.00%"
"02/16/2023","1.20","1.20","1.22","1.20","476.87K","0.00%"
"02/15/2023","1.20","1.22","1.22","1.19","2.55M","-0.83%"
"02/14/2023","1.21","1.22","1.23","1.21","1.20M","0.00%"
"02/13/2023","1.21","1.20","1.23","1.20","751.54K","0.00%"
"02/10/2023","1.21","1.22","1.23","1.20","506.57K","0.00%"
"02/09/2023","1.21","1.21","1.23","1.21","323.05K","0.00%"
"02/08/2023","1.21","1.23","1.24","1.20","1.57M","-0.82%"
"02/07/2023","1.22","1.22","1.23","1.22","202.00K","0.00%"
"02/06/2023","1.22","1.22","1.23","1.21","463.65K","0.00%"
"02/03/2023","1.22","1.24","1.24","1.21","1.17M","-1.61%"
"02/02/2023","1.24","1.20","1.25","1.20","1.97M","4.20%"
"02/01/2023","1.19","1.20","1.22","1.18","2.05M","-1.65%"
"01/31/2023","1.21","1.26","1.26","1.19","2.64M","-3.20%"
"01/30/2023","1.25","1.26","1.26","1.23","2.29M","0.00%"
"01/27/2023","1.25","1.29","1.29","1.24","3.41M","-3.10%"
"01/26/2023","1.29","1.28","1.31","1.27","4.01M","2.38%"
"01/20/2023","1.26","1.23","1.28","1.23","6.56M","2.44%"
"01/19/2023","1.23","1.19","1.24","1.19","4.30M","3.36%"
"01/18/2023","1.19","1.16","1.21","1.14","5.51M","3.48%"
"01/17/2023","1.15","1.14","1.16","1.13","1.30M","1.77%"
"01/16/2023","1.13","1.15","1.16","1.13","2.54M","-1.74%"
"01/13/2023","1.15","1.13","1.15","1.08","3.93M","2.68%"
"01/12/2023","1.12","1.09","1.14","1.07","4.57M","4.67%"
"01/11/2023","1.07","1.04","1.08","1.03","5.61M","2.88%"
"01/10/2023","1.04","1.02","1.04","1.01","1.17M","2.97%"
"01/09/2023","1.01","1.01","1.03","1.00","1.72M","1.00%"
"01/06/2023","1.00","1.02","1.02","0.99","1.95M","-1.96%"
"01/05/2023","1.02","1.04","1.04","1.00","5.15M","0.00%"
"01/04/2023","1.02","1.03","1.04","1.00","3.86M","-0.97%"
"01/03/2023","1.03","1.01","1.04","1.01","2.53M","-1.90%"
"12/30/2022","1.05","0.94","1.05","0.94","8.33M","10.53%"
"12/29/2022","0.95","0.92","0.96","0.91","3.77M","3.26%"
"12/28/2022","0.92","0.92","0.93","0.90","6.03M","0.00%"
"12/23/2022","0.92","0.90","0.93","0.90","1.09M","1.10%"
"12/22/2022","0.91","0.92","0.92","0.90","1.17M","0.00%"
"12/21/2022","0.91","0.93","0.93","0.90","2.08M","-2.15%"
"12/20/2022","0.93","0.92","0.93","0.92","1.93M","-1.06%"
"12/19/2022","0.94","0.94","0.96","0.92","3.75M","1.08%"
"12/16/2022","0.93","0.93","0.94","0.92","2.41M","-1.06%"
"12/15/2022","0.94","0.94","0.94","0.93","1.45M","0.00%"
"12/14/2022","0.94","0.93","0.94","0.92","1.51M","1.08%"
"12/13/2022","0.93","0.93","0.94","0.92","1.41M","0.00%"
"12/12/2022","0.93","0.95","0.95","0.92","1.24M","-1.06%"
"12/09/2022","0.94","0.94","0.96","0.93","2.84M","0.00%"
"12/08/2022","0.94","0.88","0.94","0.88","4.30M","3.30%"
"12/07/2022","0.91","0.88","0.92","0.88","6.03M","3.41%"
"12/06/2022","0.88","0.85","0.89","0.84","5.22M","3.53%"
"12/05/2022","0.85","0.83","0.86","0.83","3.32M","2.41%"
"12/02/2022","0.83","0.83","0.84","0.83","1.85M","0.00%"
"12/01/2022","0.83","0.83","0.84","0.82","4.80M","1.22%"
"11/30/2022","0.82","0.82","0.83","0.81","1.13M","0.00%"
"11/29/2022","0.82","0.82","0.83","0.82","792.08K","0.00%"
"11/28/2022","0.82","0.81","0.82","0.81","230.00K","1.23%"
"11/25/2022","0.81","0.82","0.83","0.81","1.14M","-2.41%"
"11/24/2022","0.83","0.83","0.83","0.82","365.00K","0.00%"
"11/23/2022","0.83","0.81","0.83","0.81","668.00K","2.47%"
"11/22/2022","0.81","0.82","0.82","0.81","809.04K","-1.22%"
"11/21/2022","0.82","0.83","0.83","0.81","1.50M","-1.20%"
"11/18/2022","0.83","0.83","0.83","0.82","846.22K","0.00%"
"11/17/2022","0.83","0.82","0.83","0.82","684.00K","0.00%"
"11/16/2022","0.83","0.82","0.83","0.82","715.00K","0.00%"
"11/15/2022","0.83","0.83","0.84","0.81","2.52M","1.22%"
"11/14/2022","0.82","0.83","0.85","0.81","2.45M","0.00%"
"11/11/2022","0.82","0.82","0.83","0.81","2.28M","1.23%"
"11/10/2022","0.81","0.80","0.82","0.80","222.00K","1.25%"
"11/09/2022","0.80","0.81","0.82","0.80","812.40K","-2.44%"
"11/08/2022","0.82","0.82","0.82","0.80","566.83K","2.50%"
"11/07/2022","0.80","0.80","0.82","0.80","1.12M","-1.23%"
"11/04/2022","0.81","0.79","0.81","0.79","1.78M","2.53%"
"11/03/2022","0.79","0.80","0.80","0.79","690.87K","-1.25%"
"11/02/2022","0.80","0.79","0.80","0.79","1.83M","1.27%"
"11/01/2022","0.79","0.80","0.81","0.79","872.10K","-1.25%"
"10/31/2022","0.80","0.80","0.81","0.79","2.00M","-1.23%"
"10/28/2022","0.81","0.82","0.83","0.80","1.18M","-1.22%"
"10/27/2022","0.82","0.82","0.83","0.81","238.00K","0.00%"
"10/26/2022","0.82","0.81","0.83","0.80","951.81K","1.23%"
"10/25/2022","0.81","0.79","0.83","0.79","1.92M","2.53%"
"10/24/2022","0.79","0.83","0.84","0.79","4.66M","-5.95%"
"10/21/2022","0.84","0.84","0.85","0.83","263.83K","0.00%"
"10/20/2022","0.84","0.85","0.85","0.83","673.00K","0.00%"
"10/19/2022","0.84","0.85","0.85","0.83","663.70K","-1.18%"
"10/18/2022","0.85","0.85","0.85","0.83","862.89K","1.19%"
"10/17/2022","0.84","0.84","0.85","0.84","653.61K","-1.18%"
"10/14/2022","0.85","0.84","0.85","0.84","875.92K","1.19%"
"10/13/2022","0.84","0.84","0.84","0.83","441.41K","0.00%"
"10/12/2022","0.84","0.84","0.85","0.83","656.17K","0.00%"
"10/11/2022","0.84","0.84","0.84","0.83","667.37K","0.00%"
"10/10/2022","0.84","0.85","0.85","0.83","1.11M","-2.33%"
"10/07/2022","0.86","0.85","0.86","0.85","143.96K","0.00%"
"10/06/2022","0.86","0.85","0.87","0.85","687.03K","0.00%"
"10/05/2022","0.86","0.85","0.88","0.85","3.02M","1.18%"
"10/03/2022","0.85","0.87","0.87","0.85","1.49M","-2.30%"
"09/30/2022","0.87","0.86","0.87","0.84","2.00M","2.35%"
"09/29/2022","0.85","0.84","0.87","0.84","1.94M","2.41%"
"09/28/2022","0.83","0.81","0.83","0.80","837.51K","1.22%"
"09/27/2022","0.82","0.83","0.83","0.80","2.11M","-1.20%"
"09/26/2022","0.83","0.83","0.84","0.82","731.18K","-2.35%"
"09/23/2022","0.85","0.85","0.85","0.83","1.16M","0.00%"
"09/22/2022","0.85","0.86","0.87","0.83","1.72M","-1.16%"
"09/21/2022","0.86","0.86","0.87","0.84","1.38M","-1.15%"
"09/20/2022","0.87","0.87","0.88","0.86","1.44M","-1.14%"
"09/19/2022","0.88","0.89","0.89","0.87","687.00K","-1.12%"
"09/16/2022","0.89","0.88","0.89","0.87","780.80K","2.30%"
"09/15/2022","0.87","0.88","0.89","0.87","336.70K","-1.14%"
"09/14/2022","0.88","0.87","0.88","0.86","413.17K","0.00%"
"09/13/2022","0.88","0.89","0.89","0.87","1.49M","-1.12%"
"09/09/2022","0.89","0.88","0.89","0.87","407.26K","0.00%"
"09/08/2022","0.89","0.88","0.89","0.87","750.00K","0.00%"
"09/07/2022","0.89","0.88","0.89","0.87","849.61K","0.00%"
"09/06/2022","0.89","0.88","0.89","0.87","1.31M","1.14%"
"09/05/2022","0.88","0.88","0.89","0.87","917.89K","-1.12%"
"09/02/2022","0.89","0.88","0.90","0.87","873.00K","0.00%"
"09/01/2022","0.89","0.88","0.89","0.87","542.19K","0.00%"
"08/31/2022","0.89","0.87","0.89","0.87","1.42M","1.14%"
"08/30/2022","0.88","0.88","0.88","0.87","163.00K","0.00%"
"08/29/2022","0.88","0.88","0.88","0.87","289.26K","0.00%"
"08/26/2022","0.88","0.88","0.89","0.86","805.49K","0.00%"
"08/25/2022","0.88","0.88","0.89","0.87","638.30K","0.00%"
"08/24/2022","0.88","0.88","0.90","0.87","631.00K","0.00%"
"08/23/2022","0.88","0.89","0.90","0.88","388.15K","-2.22%"
"08/22/2022","0.90","0.87","0.90","0.87","578.19K","2.27%"
"08/19/2022","0.88","0.88","0.89","0.87","856.66K","0.00%"
"08/18/2022","0.88","0.89","0.89","0.87","1.04M","-1.12%"
"08/17/2022","0.89","0.88","0.89","0.88","685.92K","-1.11%"
"08/16/2022","0.90","0.91","0.91","0.88","1.82M","-1.10%"
"08/15/2022","0.91","0.91","0.91","0.89","633.43K","-1.09%"
"08/12/2022","0.92","0.93","0.98","0.92","2.39M","-6.12%"
"08/11/2022","0.98","0.97","0.99","0.97","2.55M","1.03%"
"08/10/2022","0.97","0.98","0.99","0.96","1.46M","-1.02%"
"08/09/2022","0.98","0.99","0.99","0.97","1.91M","-2.00%"
"08/08/2022","1.00","0.99","1.01","0.98","2.41M","1.01%"
"08/05/2022","0.99","0.94","1.02","0.94","5.45M","5.32%"
"08/04/2022","0.94","0.92","0.94","0.91","1.28M","4.44%"
"08/03/2022","0.90","0.90","0.91","0.89","2.82M","2.27%"
"08/02/2022","0.88","0.85","0.92","0.85","8.14M","6.02%"
"08/01/2022","0.83","0.84","0.84","0.81","1.55M","0.00%"
"07/29/2022","0.83","0.82","0.83","0.80","2.82M","0.00%"
"07/28/2022","0.83","0.80","0.83","0.80","1.88M","2.47%"
"07/27/2022","0.81","0.84","0.85","0.79","10.93M","-3.57%"
"07/26/2022","0.84","0.86","0.88","0.83","3.57M","-4.55%"
"07/25/2022","0.88","0.89","0.89","0.87","1.43M","-2.22%"
"07/22/2022","0.90","0.88","0.91","0.87","2.30M","2.27%"
"07/21/2022","0.88","0.93","0.93","0.87","7.42M","-5.38%"
"07/20/2022","0.93","0.98","0.98","0.93","5.61M","-5.10%"
"07/19/2022","0.98","0.98","0.99","0.97","2.58M","-1.01%"
"07/18/2022","0.99","0.99","1.00","0.98","1.18M","-1.00%"
"07/15/2022","1.00","1.00","1.00","0.98","1.05M","0.00%"
"07/14/2022","1.00","1.00","1.00","0.99","966.36K","0.00%"
"07/13/2022","1.00","1.00","1.01","1.00","230.00K","-0.99%"
"07/12/2022","1.01","1.01","1.01","1.00","2.44M","0.00%"
"07/11/2022","1.01","1.01","1.02","1.00","326.00K","1.00%"
"07/08/2022","1.00","1.01","1.02","1.00","415.60K","0.00%"
"07/07/2022","1.00","1.02","1.02","1.00","676.00K","-1.96%"
"07/06/2022","1.02","1.01","1.02","1.00","582.19K","2.00%"
"07/05/2022","1.00","1.01","1.01","1.00","344.10K","0.00%"
"07/04/2022","1.00","1.01","1.02","1.00","1.42M","-0.99%"
"06/30/2022","1.01","1.01","1.01","1.00","1.88M","0.00%"
"06/29/2022","1.01","1.00","1.01","1.00","2.44M","1.00%"
"06/28/2022","1.00","1.01","1.02","1.00","1.81M","-0.99%"
"06/27/2022","1.01","1.01","1.02","1.01","1.38M","-0.98%"
"06/24/2022","1.02","1.01","1.02","1.01","390.34K","0.00%"
"06/23/2022","1.02","1.01","1.02","1.01","452.67K","0.00%"
"06/22/2022","1.02","1.01","1.02","1.01","439.59K","0.99%"
"06/21/2022","1.01","1.01","1.02","1.01","359.21K","0.00%"
"06/20/2022","1.01","1.01","1.02","1.01","628.65K","0.00%"
"06/17/2022","1.01","1.01","1.02","1.01","334.05K","-0.98%"
"06/16/2022","1.02","1.01","1.02","1.00","908.51K","0.99%"
"06/15/2022","1.01","1.01","1.02","1.01","409.04K","-0.98%"
"06/14/2022","1.02","1.01","1.02","1.01","261.89K","0.99%"
"06/13/2022","1.01","1.02","1.02","1.00","1.09M","-0.98%"
"06/10/2022","1.02","1.01","1.02","1.01","804.91K","0.00%"
"06/09/2022","1.02","1.02","1.02","1.01","792.45K","0.00%"
"06/08/2022","1.02","1.02","1.02","1.01","1.37M","0.00%"
"06/07/2022","1.02","1.02","1.02","1.01","545.16K","0.00%"
"06/06/2022","1.02","1.02","1.02","1.01","352.41K","0.00%"
"06/02/2022","1.02","1.01","1.02","1.01","257.00K","0.99%"
"06/01/2022","1.01","1.02","1.02","1.01","1.52M","-0.98%"
"05/31/2022","1.02","1.01","1.02","1.00","725.28K","0.99%"
"05/30/2022","1.01","1.01","1.03","1.01","1.60M","0.00%"
"05/27/2022","1.01","1.01","1.02","1.01","1.17M","0.00%"
"05/26/2022","1.01","1.02","1.02","1.00","2.06M","0.00%"
"05/25/2022","1.01","1.01","1.02","1.01","1.48M","0.00%"
"05/24/2022","1.01","1.01","1.02","1.01","1.76M","0.00%"
"05/23/2022","1.01","1.02","1.02","1.00","3.21M","0.00%"
"05/20/2022","1.01","1.00","1.02","1.00","1.64M","1.00%"
"05/19/2022","1.00","1.02","1.02","1.00","1.44M","-0.99%"
"05/18/2022","1.01","1.01","1.01","1.00","1.61M","-0.98%"
"05/17/2022","1.02","1.00","1.02","1.00","1.00M","2.00%"
"05/16/2022","1.00","1.01","1.02","1.00","547.00K","-0.99%"
"05/13/2022","1.01","1.02","1.03","1.00","1.34M","-0.98%"
"05/12/2022","1.02","1.01","1.03","1.00","1.17M","0.00%"
"05/11/2022","1.02","1.03","1.04","1.01","673.38K","-0.97%"
"05/10/2022","1.03","1.04","1.04","1.01","765.42K","-0.96%"
"05/06/2022","1.04","1.03","1.04","1.02","737.52K","0.97%"
"05/05/2022","1.03","1.04","1.05","1.02","726.36K","-0.96%"
"05/04/2022","1.04","1.04","1.05","1.03","498.00K","-0.95%"
"05/03/2022","1.05","1.06","1.06","1.03","763.00K","0.00%"
"04/29/2022","1.05","1.05","1.05","1.02","781.12K","0.00%"
"04/28/2022","1.05","1.02","1.05","1.02","257.79K","2.94%"
"04/27/2022","1.02","1.02","1.04","1.01","907.00K","0.00%"
"04/26/2022","1.02","1.00","1.03","1.00","1.70M","2.00%"
"04/25/2022","1.00","1.02","1.04","1.00","1.01M","-1.96%"
"04/22/2022","1.02","1.03","1.04","1.01","2.73M","-0.97%"
"04/21/2022","1.03","1.04","1.04","1.01","2.34M","-0.96%"
"04/20/2022","1.04","1.09","1.10","1.04","3.47M","-3.70%"
"04/19/2022","1.08","1.09","1.10","1.08","504.45K","-0.92%"
"04/14/2022","1.09","1.08","1.11","1.08","587.77K","0.93%"
"04/13/2022","1.08","1.08","1.09","1.07","776.46K","0.93%"
"04/12/2022","1.07","1.10","1.10","1.07","902.02K","-0.93%"
"04/11/2022","1.08","1.12","1.13","1.06","2.98M","-5.26%"
"04/08/2022","1.14","1.13","1.14","1.12","313.00K","0.00%"
"04/07/2022","1.14","1.14","1.14","1.13","631.00K","0.00%"
"04/06/2022","1.14","1.14","1.15","1.14","1.04M","0.00%"
"04/04/2022","1.14","1.14","1.15","1.12","2.08M","0.00%"
"04/01/2022","1.14","1.13","1.15","1.13","607.00K","0.00%"
"03/31/2022","1.14","1.13","1.14","1.12","596.44K","0.88%"
"03/30/2022","1.13","1.14","1.14","1.12","1.54M","0.89%"
"03/29/2022","1.12","1.14","1.14","1.11","399.16K","-0.88%"
"03/28/2022","1.13","1.16","1.16","1.11","1.98M","-2.59%"
"03/25/2022","1.16","1.16","1.17","1.15","1.01M","-0.85%"
"03/24/2022","1.17","1.15","1.18","1.15","737.60K","1.74%"
"03/23/2022","1.15","1.15","1.16","1.15","2.76M","0.00%"
"03/22/2022","1.15","1.15","1.17","1.13","2.48M","0.00%"
"03/21/2022","1.15","1.13","1.17","1.11","3.04M","3.60%"
"03/18/2022","1.11","1.16","1.16","1.02","22.62M","-3.48%"
"03/17/2022","1.15","1.10","1.16","1.10","9.36M","8.49%"
"03/16/2022","1.06","1.01","1.06","1.01","6.85M","4.95%"
"03/15/2022","1.01","1.01","1.01","0.98","15.48M","0.00%"
"03/14/2022","1.01","1.11","1.11","0.99","12.20M","-9.01%"
"03/11/2022","1.11","1.26","1.29","1.08","24.56M","-19.57%"
"03/10/2022","1.38","1.38","1.39","1.37","1.94M","0.00%"
"03/09/2022","1.38","1.38","1.40","1.37","982.00K","0.00%"
"03/08/2022","1.38","1.39","1.41","1.38","4.57M","-0.72%"
"03/07/2022","1.39","1.40","1.41","1.39","3.19M","-0.71%"
"03/04/2022","1.40","1.40","1.41","1.39","1.91M","0.00%"
"03/03/2022","1.40","1.41","1.41","1.40","948.50K","-0.71%"
"03/02/2022","1.41","1.39","1.41","1.39","1.06M","1.44%"
"03/01/2022","1.39","1.40","1.41","1.39","523.37K","-0.71%"
"02/28/2022","1.40","1.39","1.41","1.39","1.49M","0.00%"
"02/25/2022","1.40","1.39","1.40","1.38","1.28M","0.72%"
"02/24/2022","1.39","1.39","1.40","1.38","1.03M","-0.71%"
"02/23/2022","1.40","1.39","1.40","1.39","502.00K","0.72%"
"02/22/2022","1.39","1.40","1.41","1.39","786.67K","-0.71%"
"02/21/2022","1.40","1.39","1.40","1.39","902.20K","0.72%"
"02/18/2022","1.39","1.39","1.40","1.39","444.48K","0.00%"
"02/17/2022","1.39","1.40","1.40","1.38","1.72M","-0.71%"
"02/16/2022","1.40","1.39","1.40","1.39","547.27K","1.45%"
"02/15/2022","1.38","1.39","1.39","1.38","479.45K","-0.72%"
"02/14/2022","1.39","1.38","1.39","1.38","307.00K","0.00%"
"02/11/2022","1.39","1.39","1.39","1.37","1.28M","0.72%"
"02/10/2022","1.38","1.36","1.38","1.36","1.22M","1.47%"
"02/09/2022","1.36","1.36","1.37","1.36","705.56K","0.00%"
"02/08/2022","1.36","1.36","1.37","1.36","2.34M","0.00%"
"02/07/2022","1.36","1.36","1.37","1.36","634.69K","0.74%"
"02/04/2022","1.35","1.36","1.37","1.35","881.25K","0.00%"
"01/31/2022","1.35","1.36","1.36","1.35","542.22K","0.00%"
"01/28/2022","1.35","1.37","1.37","1.35","1.12M","-0.74%"
"01/27/2022","1.36","1.37","1.37","1.35","822.00K","0.00%"
"01/26/2022","1.36","1.36","1.37","1.35","1.70M","0.00%"
"01/25/2022","1.36","1.36","1.37","1.35","1.15M","-0.73%"
"01/24/2022","1.37","1.37","1.37","1.36","1.24M","0.00%"
"01/21/2022","1.37","1.37","1.37","1.36","1.95M","0.00%"
"01/20/2022","1.37","1.37","1.38","1.36","888.00K","0.00%"
"01/19/2022","1.37","1.36","1.38","1.36","1.11M","0.00%"
"01/18/2022","1.37","1.37","1.38","1.37","2.86M","0.74%"
"01/17/2022","1.36","1.38","1.38","1.35","1.68M","-1.45%"
"01/14/2022","1.38","1.38","1.38","1.36","1.21M","-0.72%"
"01/13/2022","1.39","1.37","1.39","1.36","1.89M","0.72%"
"01/12/2022","1.38","1.39","1.39","1.36","567.53K","-0.72%"
"01/11/2022","1.39","1.40","1.40","1.36","2.40M","0.00%"
"01/10/2022","1.39","1.36","1.40","1.35","1.33M","2.21%"
"01/07/2022","1.36","1.40","1.40","1.35","3.76M","-2.86%"
"01/06/2022","1.40","1.40","1.41","1.39","646.13K","0.00%"
"01/05/2022","1.40","1.41","1.41","1.39","1.67M","0.00%"
"01/04/2022","1.40","1.41","1.41","1.40","381.82K","0.00%"
"01/03/2022","1.40","1.40","1.41","1.40","664.00K","0.00%"
"12/31/2021","1.40","1.40","1.41","1.40","246.25K","0.00%"
"12/30/2021","1.40","1.40","1.41","1.40","703.00K","0.00%"
"12/29/2021","1.40","1.40","1.40","1.39","301.79K","0.00%"
"12/28/2021","1.40","1.41","1.41","1.39","1.29M","-0.71%"
"12/24/2021","1.41","1.40","1.41","1.40","170.00K","1.44%"
"12/23/2021","1.39","1.39","1.40","1.38","277.04K","0.00%"
"12/22/2021","1.39","1.39","1.39","1.38","370.56K","-0.71%"
"12/21/2021","1.40","1.40","1.41","1.39","463.00K","-0.71%"
"12/20/2021","1.41","1.40","1.41","1.39","868.87K","0.00%"
"12/17/2021","1.41","1.41","1.43","1.41","698.00K","0.00%"
"12/16/2021","1.41","1.41","1.42","1.41","504.72K","0.00%"
"12/15/2021","1.41","1.40","1.41","1.39","857.00K","0.00%"
"12/14/2021","1.41","1.41","1.42","1.40","1.18M","-0.70%"
"12/13/2021","1.42","1.42","1.42","1.41","758.95K","0.00%"
"12/10/2021","1.42","1.40","1.42","1.39","3.08M","1.43%"
"12/09/2021","1.40","1.39","1.40","1.38","951.15K","0.72%"
"12/08/2021","1.39","1.38","1.39","1.38","1.44M","0.72%"
"12/07/2021","1.38","1.39","1.39","1.36","912.60K","0.00%"
"12/06/2021","1.38","1.38","1.38","1.36","639.18K","0.00%"
"12/03/2021","1.38","1.36","1.38","1.35","819.38K","1.47%"
"12/02/2021","1.36","1.36","1.37","1.36","1.22M","0.00%"
"12/01/2021","1.36","1.35","1.37","1.34","1.18M","0.00%"
"11/30/2021","1.36","1.36","1.37","1.34","1.24M","0.00%"
"11/29/2021","1.36","1.39","1.40","1.36","1.79M","-2.16%"
"11/26/2021","1.39","1.41","1.42","1.38","1.14M","-1.42%"
"11/25/2021","1.41","1.38","1.41","1.38","2.14M","2.92%"
"11/24/2021","1.37","1.37","1.38","1.37","1.70M","0.00%"
"11/23/2021","1.37","1.35","1.37","1.35","1.78M","1.48%"
"11/22/2021","1.35","1.34","1.35","1.33","1.81M","0.75%"
"11/19/2021","1.34","1.36","1.36","1.33","5.80M","-1.47%"
"11/18/2021","1.36","1.38","1.38","1.35","4.24M","-2.16%"
"11/17/2021","1.39","1.39","1.40","1.38","2.71M","0.00%"
"11/16/2021","1.39","1.40","1.41","1.39","1.98M","-0.71%"
"11/15/2021","1.40","1.41","1.41","1.40","1.73M","-1.41%"
"11/12/2021","1.42","1.43","1.43","1.40","3.89M","-0.70%"
"11/11/2021","1.43","1.40","1.43","1.40","2.64M","-0.69%"
"11/10/2021","1.44","1.44","1.44","1.42","2.22M","0.00%"
"11/09/2021","1.44","1.45","1.45","1.43","1.13M","-0.69%"
"11/08/2021","1.45","1.46","1.46","1.44","1.69M","-0.68%"
"11/05/2021","1.46","1.46","1.47","1.46","1.32M","0.00%"
"11/04/2021","1.46","1.46","1.47","1.46","431.66K","0.00%"
"11/03/2021","1.46","1.46","1.47","1.46","1.55M","0.00%"
"11/02/2021","1.46","1.48","1.48","1.46","888.66K","-1.35%"
"11/01/2021","1.48","1.49","1.49","1.47","757.00K","0.00%"
"10/29/2021","1.48","1.47","1.48","1.47","763.78K","0.00%"
"10/28/2021","1.48","1.47","1.48","1.47","561.74K","0.68%"
"10/27/2021","1.47","1.48","1.49","1.47","1.44M","-0.68%"
"10/26/2021","1.48","1.49","1.49","1.47","3.06M","-0.67%"
"10/25/2021","1.49","1.49","1.49","1.48","574.96K","0.68%"
"10/22/2021","1.48","1.49","1.49","1.48","1.40M","-0.67%"
"10/21/2021","1.49","1.48","1.49","1.48","610.13K","0.68%"
"10/20/2021","1.48","1.48","1.49","1.48","775.61K","0.00%"
"10/19/2021","1.48","1.48","1.49","1.47","1.05M","0.00%"
"10/18/2021","1.48","1.49","1.50","1.48","434.27K","-0.67%"
"10/15/2021","1.49","1.49","1.50","1.47","2.65M","0.00%"
"10/12/2021","1.49","1.49","1.49","1.48","681.41K","0.00%"
"10/11/2021","1.49","1.50","1.50","1.48","642.36K","0.68%"
"10/08/2021","1.48","1.49","1.49","1.48","604.70K","-0.67%"
"10/07/2021","1.49","1.49","1.49","1.47","1.22M","0.00%"
"10/06/2021","1.49","1.48","1.50","1.47","1.16M","0.68%"
"10/05/2021","1.48","1.50","1.50","1.48","690.94K","0.00%"
"10/04/2021","1.48","1.49","1.50","1.48","2.52M","-1.33%"
"09/30/2021","1.50","1.50","1.50","1.48","902.56K","0.00%"
"09/29/2021","1.50","1.49","1.50","1.48","2.04M","0.00%"
"09/28/2021","1.50","1.48","1.51","1.48","2.09M","1.35%"
"09/27/2021","1.48","1.48","1.50","1.47","481.43K","1.37%"
"09/24/2021","1.46","1.50","1.50","1.46","1.28M","-2.67%"
"09/23/2021","1.50","1.45","1.51","1.43","1.48M","4.90%"
"09/21/2021","1.43","1.42","1.45","1.40","2.65M","0.70%"
"09/20/2021","1.42","1.49","1.49","1.41","5.83M","-4.70%"
"09/17/2021","1.49","1.55","1.57","1.49","3.75M","-3.87%"
"09/16/2021","1.55","1.58","1.59","1.53","2.46M","-1.90%"
"09/15/2021","1.58","1.60","1.60","1.58","2.02M","-1.25%"
"09/14/2021","1.60","1.61","1.61","1.60","1.38M","0.00%"
"09/13/2021","1.60","1.62","1.62","1.60","1.46M","-1.23%"
"09/10/2021","1.62","1.62","1.62","1.61","727.92K","0.00%"
"09/09/2021","1.62","1.63","1.63","1.61","916.69K","-0.61%"
"09/08/2021","1.63","1.63","1.63","1.62","942.17K","0.00%"
"09/07/2021","1.63","1.63","1.64","1.62","1.12M","0.62%"
"09/06/2021","1.62","1.63","1.64","1.62","1.14M","-0.61%"
"09/03/2021","1.63","1.63","1.64","1.63","380.62K","-0.61%"
"09/02/2021","1.64","1.64","1.64","1.63","715.21K","0.61%"
"09/01/2021","1.63","1.64","1.65","1.63","695.80K","-0.61%"
"08/31/2021","1.64","1.64","1.65","1.63","583.96K","0.00%"
"08/30/2021","1.64","1.65","1.65","1.63","232.00K","-0.61%"
"08/27/2021","1.65","1.64","1.65","1.63","719.61K","0.61%"
"08/26/2021","1.64","1.64","1.65","1.64","918.47K","-0.61%"
"08/25/2021","1.65","1.65","1.66","1.64","714.32K","0.00%"
"08/24/2021","1.65","1.65","1.66","1.64","692.97K","-0.60%"
"08/23/2021","1.66","1.67","1.67","1.64","950.58K","0.00%"
"08/20/2021","1.66","1.67","1.67","1.65","917.07K","-0.60%"
"08/19/2021","1.67","1.68","1.69","1.66","2.29M","-1.18%"
"08/18/2021","1.69","1.69","1.69","1.67","3.38M","0.00%"
"08/17/2021","1.69","1.68","1.69","1.68","3.17M","0.60%"
"08/16/2021","1.68","1.68","1.69","1.68","3.91M","0.00%"
"08/13/2021","1.68","1.68","1.69","1.68","740.05K","0.00%"
"08/12/2021","1.68","1.68","1.69","1.68","2.17M","-2.89%"
"08/11/2021","1.73","1.73","1.74","1.72","2.56M","-0.57%"
"08/10/2021","1.74","1.72","1.74","1.72","1.96M","0.58%"
"08/09/2021","1.73","1.73","1.74","1.72","2.60M","0.00%"
"08/06/2021","1.73","1.73","1.74","1.72","651.00K","-0.57%"
"08/05/2021","1.74","1.74","1.74","1.72","985.49K","0.00%"
"08/04/2021","1.74","1.73","1.74","1.72","1.12M","0.58%"
"08/03/2021","1.73","1.73","1.74","1.73","1.19M","-0.57%"
"08/02/2021","1.74","1.73","1.75","1.73","2.99M","0.58%"
"07/30/2021","1.73","1.73","1.74","1.71","738.90K","1.17%"
"07/29/2021","1.71","1.73","1.73","1.70","1.79M","0.00%"
"07/28/2021","1.71","1.73","1.74","1.71","2.00M","-0.58%"
"07/27/2021","1.72","1.74","1.74","1.72","1.43M","-1.15%"
"07/26/2021","1.74","1.75","1.76","1.74","1.18M","-0.57%"
"07/23/2021","1.75","1.76","1.76","1.74","1.18M","0.00%"
"07/22/2021","1.75","1.73","1.76","1.73","871.91K","1.16%"
"07/21/2021","1.73","1.73","1.74","1.72","1.00M","0.00%"
"07/20/2021","1.73","1.74","1.74","1.72","1.34M","-0.57%"
"07/19/2021","1.74","1.76","1.76","1.74","922.34K","-1.14%"
"07/16/2021","1.76","1.74","1.77","1.74","647.59K","1.15%"
"07/15/2021","1.74","1.73","1.74","1.73","770.72K","0.00%"
"07/14/2021","1.74","1.74","1.74","1.73","571.33K","0.00%"
"07/13/2021","1.74","1.71","1.74","1.70","473.89K","1.75%"
"07/12/2021","1.71","1.75","1.76","1.70","2.80M","-2.29%"
"07/09/2021","1.75","1.75","1.76","1.75","2.07M","0.00%"
"07/08/2021","1.75","1.76","1.77","1.75","1.05M","-0.57%"
"07/07/2021","1.76","1.76","1.77","1.76","838.68K","0.00%"
"07/06/2021","1.76","1.76","1.77","1.76","579.00K","0.00%"
"07/05/2021","1.76","1.76","1.77","1.75","482.33K","0.00%"
"07/02/2021","1.76","1.77","1.77","1.75","683.33K","-0.56%"
"06/30/2021","1.77","1.76","1.77","1.76","440.03K","0.00%"
"06/29/2021","1.77","1.76","1.78","1.75","1.76M","0.57%"
"06/28/2021","1.76","1.77","1.77","1.75","573.66K","-0.56%"
"06/25/2021","1.77","1.76","1.77","1.76","824.88K","0.57%"
"06/24/2021","1.76","1.76","1.77","1.76","292.78K","-0.56%"
"06/23/2021","1.77","1.76","1.77","1.76","453.57K","0.57%"
"06/22/2021","1.76","1.76","1.77","1.76","113.52K","0.00%"
"06/21/2021","1.76","1.76","1.77","1.75","2.00M","0.00%"
"06/18/2021","1.76","1.76","1.78","1.76","960.99K","0.00%"
"06/17/2021","1.76","1.77","1.78","1.76","909.63K","-0.56%"
"06/16/2021","1.77","1.77","1.78","1.77","301.77K","0.00%"
"06/15/2021","1.77","1.78","1.78","1.77","688.34K","-1.12%"
"06/11/2021","1.79","1.77","1.79","1.77","1.64M","1.13%"
"06/10/2021","1.77","1.77","1.79","1.77","750.25K","0.00%"
"06/09/2021","1.77","1.77","1.77","1.76","577.02K","-0.56%"
"06/08/2021","1.78","1.77","1.78","1.77","416.83K","0.56%"
"06/07/2021","1.77","1.77","1.78","1.76","1.71M","0.00%"
"06/04/2021","1.77","1.76","1.77","1.76","514.76K","1.14%"
"06/03/2021","1.75","1.77","1.77","1.75","3.41M","-0.57%"
"06/02/2021","1.76","1.77","1.78","1.76","2.11M","-0.56%"
"06/01/2021","1.77","1.78","1.79","1.77","445.65K","-0.56%"
"05/31/2021","1.78","1.78","1.78","1.77","401.59K","0.56%"
"05/28/2021","1.77","1.77","1.77","1.76","1.51M","0.57%"
"05/27/2021","1.76","1.77","1.78","1.76","1.80M","-1.12%"
"05/26/2021","1.78","1.78","1.78","1.77","573.38K","0.56%"
"05/25/2021","1.77","1.78","1.79","1.77","2.37M","-1.12%"
"05/24/2021","1.79","1.79","1.79","1.77","657.96K","0.56%"
"05/21/2021","1.78","1.78","1.79","1.77","834.69K","0.00%"
"05/20/2021","1.78","1.79","1.79","1.78","587.20K","0.00%"
"05/18/2021","1.78","1.78","1.79","1.78","534.98K","0.00%"
"05/17/2021","1.78","1.78","1.79","1.77","537.76K","0.00%"
"05/14/2021","1.78","1.77","1.78","1.77","524.00K","0.00%"
"05/13/2021","1.78","1.79","1.79","1.77","841.36K","-0.56%"
"05/12/2021","1.79","1.78","1.79","1.78","277.67K","0.56%"
"05/11/2021","1.78","1.79","1.80","1.78","742.00K","-0.56%"
"05/10/2021","1.79","1.79","1.80","1.79","389.30K","-0.56%"
"05/07/2021","1.80","1.79","1.80","1.79","778.46K","0.56%"
"05/06/2021","1.79","1.79","1.80","1.79","601.00K","0.00%"
"05/05/2021","1.79","1.79","1.80","1.77","490.13K","0.00%"
"05/04/2021","1.79","1.79","1.80","1.79","328.60K","0.00%"
"05/03/2021","1.79","1.79","1.80","1.78","1.01M","0.00%"
"04/30/2021","1.79","1.79","1.80","1.78","656.00K","0.00%"
"04/29/2021","1.79","1.79","1.80","1.79","675.24K","0.00%"
"04/28/2021","1.79","1.79","1.80","1.79","360.75K","0.00%"
"04/27/2021","1.79","1.79","1.80","1.78","1.60M","0.00%"
"04/26/2021","1.79","1.80","1.80","1.79","1.15M","-0.56%"
"04/23/2021","1.80","1.81","1.81","1.79","670.15K","0.00%"
"04/22/2021","1.80","1.79","1.80","1.79","605.00K","0.56%"
"04/21/2021","1.79","1.80","1.80","1.78","273.76K","0.00%"
"04/20/2021","1.79","1.79","1.81","1.79","1.62M","-0.56%"
"04/19/2021","1.80","1.80","1.80","1.79","629.87K","0.00%"
"04/16/2021","1.80","1.81","1.82","1.80","1.12M","-0.55%"
"04/15/2021","1.81","1.81","1.82","1.80","486.59K","0.00%"
"04/14/2021","1.81","1.81","1.82","1.81","562.00K","-0.55%"
"04/13/2021","1.82","1.81","1.82","1.81","1.05M","0.00%"
"04/12/2021","1.82","1.81","1.83","1.81","1.96M","0.55%"
"04/09/2021","1.81","1.80","1.81","1.79","862.85K","0.56%"
"04/08/2021","1.80","1.80","1.81","1.79","1.40M","0.56%"
"04/07/2021","1.79","1.75","1.80","1.75","1.39M","-0.56%"
"04/01/2021","1.80","1.76","1.80","1.76","931.00K","1.69%"
"03/31/2021","1.77","1.75","1.78","1.75","1.17M","0.57%"
"03/30/2021","1.76","1.75","1.76","1.75","814.12K","0.57%"
"03/29/2021","1.75","1.78","1.79","1.75","1.42M","-1.69%"
"03/26/2021","1.78","1.77","1.79","1.75","1.07M","0.56%"
"03/25/2021","1.77","1.83","1.83","1.74","2.85M","-5.35%"
"03/24/2021","1.87","1.88","1.88","1.87","3.07M","-0.53%"
"03/23/2021","1.88","1.90","1.90","1.88","1.15M","-1.05%"
"03/22/2021","1.90","1.90","1.90","1.88","1.66M","-0.52%"
"03/19/2021","1.91","1.90","1.91","1.89","3.05M","0.00%"
"03/18/2021","1.91","1.92","1.92","1.91","1.87M","-0.52%"
"03/17/2021","1.92","1.88","1.92","1.88","4.49M","3.23%"
"03/16/2021","1.86","1.82","1.88","1.82","3.32M","2.20%"
"03/15/2021","1.82","1.81","1.82","1.80","3.66M","0.55%"
"03/12/2021","1.81","1.80","1.81","1.80","580.00K","0.00%"
"03/11/2021","1.81","1.81","1.81","1.80","717.27K","0.00%"
"03/10/2021","1.81","1.80","1.81","1.79","1.11M","1.12%"
"03/09/2021","1.79","1.78","1.80","1.78","1.11M","0.00%"
"03/08/2021","1.79","1.80","1.80","1.78","1.31M","-0.56%"
"03/05/2021","1.80","1.80","1.80","1.78","1.91M","0.00%"
"03/04/2021","1.80","1.79","1.80","1.77","1.74M","1.12%"
"03/03/2021","1.78","1.76","1.78","1.76","1.33M","1.14%"
"03/02/2021","1.76","1.77","1.78","1.75","997.84K","0.00%"
"03/01/2021","1.76","1.76","1.77","1.75","793.37K","0.57%"
"02/26/2021","1.75","1.79","1.79","1.75","1.22M","-2.23%"
"02/25/2021","1.79","1.77","1.79","1.76","1.01M","1.13%"
"02/24/2021","1.77","1.77","1.78","1.76","1.53M","0.57%"
"02/23/2021","1.76","1.75","1.77","1.74","1.84M","1.15%"
"02/22/2021","1.74","1.75","1.76","1.73","2.41M","-1.14%"
"02/19/2021","1.76","1.75","1.77","1.74","2.55M","0.00%"
"02/18/2021","1.76","1.78","1.80","1.76","2.39M","-1.12%"
"02/17/2021","1.78","1.76","1.79","1.75","1.47M","1.14%"
"02/16/2021","1.76","1.75","1.76","1.74","2.02M","0.57%"
"02/11/2021","1.75","1.75","1.75","1.74","621.85K","0.57%"
"02/10/2021","1.74","1.74","1.75","1.73","1.30M","0.00%"
"02/09/2021","1.74","1.75","1.75","1.73","589.27K","-0.57%"
"02/08/2021","1.75","1.74","1.75","1.73","564.54K","0.57%"
"02/05/2021","1.74","1.73","1.74","1.73","769.31K","0.58%"
"02/04/2021","1.73","1.74","1.74","1.72","1.21M","-0.57%"
"02/03/2021","1.74","1.73","1.75","1.73","615.83K","0.58%"
"02/02/2021","1.73","1.74","1.75","1.73","682.55K","0.00%"
"02/01/2021","1.73","1.75","1.75","1.72","1.36M","0.00%"
"01/29/2021","1.73","1.75","1.76","1.73","1.11M","-0.57%"
"01/28/2021","1.74","1.75","1.76","1.72","1.94M","-1.14%"
"01/27/2021","1.76","1.76","1.78","1.76","683.71K","0.00%"
"01/26/2021","1.76","1.76","1.78","1.75","758.69K","0.00%"
"01/25/2021","1.76","1.78","1.78","1.76","1.09M","-1.68%"
"01/22/2021","1.79","1.78","1.79","1.77","594.28K","0.00%"
"01/21/2021","1.79","1.80","1.80","1.76","1.91M","-0.56%"
"01/20/2021","1.80","1.77","1.80","1.76","1.85M","1.12%"
"01/19/2021","1.78","1.76","1.78","1.76","1.13M","0.00%"
"01/18/2021","1.78","1.77","1.78","1.76","604.57K","0.56%"
"01/15/2021","1.77","1.78","1.80","1.74","2.96M","-1.67%"
"01/14/2021","1.80","1.76","1.80","1.76","1.16M","2.27%"
"01/13/2021","1.76","1.76","1.76","1.75","1.27M","0.00%"
"01/12/2021","1.76","1.76","1.76","1.75","713.90K","-0.56%"
"01/11/2021","1.77","1.77","1.78","1.75","1.68M","-0.56%"
"01/08/2021","1.78","1.78","1.79","1.76","1.79M","-0.56%"
"01/07/2021","1.79","1.81","1.82","1.76","2.62M","-1.10%"
"01/06/2021","1.81","1.81","1.81","1.80","1.63M","0.00%"
"01/05/2021","1.81","1.81","1.83","1.80","1.65M","0.00%"
"01/04/2021","1.81","1.81","1.82","1.80","1.68M","0.00%"
"12/31/2020","1.81","1.81","1.82","1.80","664.00K","0.00%"
"12/30/2020","1.81","1.81","1.83","1.81","619.53K","0.00%"
"12/29/2020","1.81","1.82","1.82","1.80","692.97K","-0.55%"
"12/28/2020","1.82","1.81","1.83","1.80","658.59K","0.55%"
"12/24/2020","1.81","1.82","1.83","1.80","798.26K","0.00%"
"12/23/2020","1.81","1.82","1.84","1.81","771.54K","0.00%"
"12/22/2020","1.81","1.86","1.86","1.80","3.28M","-3.21%"
"12/21/2020","1.87","1.89","1.89","1.86","1.25M","-1.58%"
"12/18/2020","1.90","1.90","1.92","1.88","1.16M","0.00%"
"12/17/2020","1.90","1.90","1.91","1.88","812.78K","0.00%"
"12/16/2020","1.90","1.91","1.91","1.89","639.21K","-0.52%"
"12/15/2020","1.91","1.90","1.92","1.90","521.38K","0.53%"
"12/14/2020","1.90","1.85","1.90","1.85","1.05M","3.26%"
"12/11/2020","1.84","1.83","1.86","1.82","885.23K","1.10%"
"12/10/2020","1.82","1.87","1.87","1.81","2.38M","-3.19%"
"12/09/2020","1.88","1.96","1.96","1.86","2.51M","-4.08%"
"12/08/2020","1.96","1.98","1.98","1.96","2.46M","-1.01%"
"12/07/2020","1.98","1.97","1.99","1.96","1.10M","1.02%"
"12/04/2020","1.96","1.96","1.98","1.96","2.66M","0.00%"
"12/03/2020","1.96","1.94","1.97","1.94","1.22M","1.03%"
"12/02/2020","1.94","1.94","1.95","1.93","1.21M","0.00%"
"12/01/2020","1.94","1.95","1.95","1.93","1.14M","0.00%"
"11/30/2020","1.94","1.91","1.96","1.91","2.62M","1.57%"
"11/27/2020","1.91","1.89","1.91","1.88","1.22M","2.14%"
"11/26/2020","1.87","1.83","1.89","1.83","1.87M","1.63%"
"11/25/2020","1.84","1.80","1.84","1.80","1.67M","2.22%"
"11/24/2020","1.80","1.78","1.81","1.78","636.00K","1.12%"
"11/23/2020","1.78","1.79","1.81","1.78","1.38M","-1.11%"
"11/20/2020","1.80","1.80","1.80","1.79","541.59K","0.00%"
"11/19/2020","1.80","1.79","1.80","1.78","899.00K","0.56%"
"11/18/2020","1.79","1.75","1.80","1.75","1.30M","1.13%"
"11/17/2020","1.77","1.74","1.78","1.74","758.91K","1.72%"
"11/16/2020","1.74","1.74","1.76","1.74","693.86K","-0.57%"
"11/13/2020","1.75","1.77","1.77","1.73","785.67K","-1.69%"
"11/12/2020","1.78","1.79","1.80","1.77","1.08M","-0.56%"
"11/11/2020","1.79","1.75","1.80","1.75","2.18M","2.29%"
"11/10/2020","1.75","1.69","1.76","1.69","4.15M","4.79%"
"11/09/2020","1.67","1.66","1.67","1.65","1.31M","1.21%"
"11/06/2020","1.65","1.64","1.66","1.63","867.45K","0.61%"
"11/05/2020","1.64","1.62","1.64","1.62","513.72K","1.23%"
"11/04/2020","1.62","1.62","1.64","1.62","424.00K","0.00%"
"11/03/2020","1.62","1.61","1.63","1.61","596.38K","0.62%"
"11/02/2020","1.61","1.64","1.64","1.60","968.82K","-1.23%"
"10/30/2020","1.63","1.63","1.63","1.62","704.08K","0.00%"
"10/29/2020","1.63","1.64","1.64","1.63","572.00K","-1.21%"
"10/28/2020","1.65","1.66","1.66","1.64","412.04K","-0.60%"
"10/27/2020","1.66","1.65","1.67","1.65","361.00K","-0.60%"
"10/23/2020","1.67","1.64","1.67","1.64","961.00K","1.83%"
"10/22/2020","1.64","1.66","1.68","1.64","355.85K","-1.20%"
"10/21/2020","1.66","1.63","1.66","1.63","1.66M","1.84%"
"10/20/2020","1.63","1.65","1.65","1.63","1.03M","-1.21%"
"10/19/2020","1.65","1.67","1.68","1.65","1.89M","-1.20%"
"10/16/2020","1.67","1.63","1.68","1.63","1.56M","0.60%"
"10/15/2020","1.66","1.67","1.67","1.63","4.20M","0.61%"
"10/14/2020","1.65","1.60","1.68","1.60","3.92M","3.12%"
"10/12/2020","1.60","1.55","1.61","1.55","2.01M","3.90%"
"10/09/2020","1.54","1.54","1.54","1.53","684.11K","0.00%"
"10/08/2020","1.54","1.52","1.54","1.50","1.25M","1.32%"
"10/07/2020","1.52","1.50","1.53","1.48","1.41M","2.70%"
"10/06/2020","1.48","1.50","1.50","1.46","1.66M","0.68%"
"10/05/2020","1.47","1.48","1.49","1.46","920.92K","-0.68%"
"09/30/2020","1.48","1.49","1.50","1.46","1.55M","-0.67%"
"09/29/2020","1.49","1.49","1.49","1.47","630.70K","0.68%"
"09/28/2020","1.48","1.48","1.50","1.45","2.41M","0.68%"
"09/25/2020","1.47","1.47","1.48","1.46","1.84M","-1.34%"
"09/24/2020","1.49","1.49","1.50","1.46","2.46M","-0.67%"
"09/23/2020","1.50","1.57","1.57","1.50","2.21M","-3.23%"
"09/22/2020","1.55","1.57","1.57","1.53","3.09M","0.65%"
"09/21/2020","1.54","1.49","1.58","1.48","6.30M","5.48%"
"09/18/2020","1.46","1.44","1.52","1.43","5.84M","2.10%"
"09/17/2020","1.43","1.39","1.45","1.39","6.52M","2.14%"
"09/16/2020","1.40","1.55","1.57","1.36","20.61M","-9.68%"
"09/15/2020","1.55","1.64","1.64","1.55","8.96M","-5.49%"
"09/14/2020","1.64","1.65","1.65","1.64","1.13M","-0.61%"
"09/11/2020","1.65","1.65","1.66","1.64","17.47M","0.00%"
"09/10/2020","1.65","1.66","1.67","1.64","1.20M","-0.60%"
"09/09/2020","1.66","1.68","1.68","1.64","2.88M","-0.60%"
"09/08/2020","1.67","1.68","1.68","1.66","1.87M","-0.60%"
"09/07/2020","1.68","1.68","1.69","1.67","1.86M","0.00%"
"09/04/2020","1.68","1.68","1.70","1.66","3.06M","-0.59%"
"09/03/2020","1.69","1.72","1.72","1.67","5.44M","-2.31%"
"09/02/2020","1.73","1.75","1.75","1.72","2.05M","-1.14%"
"09/01/2020","1.75","1.74","1.75","1.74","1.23M","0.57%"
"08/31/2020","1.74","1.76","1.76","1.74","1.30M","-1.14%"
"08/28/2020","1.76","1.75","1.76","1.75","633.23K","0.00%"
"08/27/2020","1.76","1.77","1.77","1.75","1.37M","-0.56%"
"08/26/2020","1.77","1.78","1.78","1.76","708.90K","0.00%"
"08/25/2020","1.77","1.77","1.78","1.76","1.05M","0.00%"
"08/24/2020","1.77","1.77","1.77","1.76","1.17M","0.00%"
"08/21/2020","1.77","1.77","1.77","1.76","564.96K","0.57%"
"08/20/2020","1.76","1.76","1.77","1.75","601.76K","0.00%"
"08/19/2020","1.76","1.78","1.78","1.75","1.66M","-1.12%"
"08/18/2020","1.78","1.76","1.78","1.75","2.67M","1.71%"
"08/17/2020","1.75","1.78","1.78","1.75","1.55M","-1.69%"
"08/14/2020","1.78","1.78","1.80","1.76","1.19M","-1.11%"
"08/13/2020","1.80","1.78","1.80","1.78","1.84M","1.12%"
"08/12/2020","1.78","1.78","1.80","1.76","3.03M","0.00%"
"08/11/2020","1.78","1.78","1.78","1.76","2.58M","0.00%"
"08/10/2020","1.78","1.74","1.81","1.74","3.23M","-1.11%"
"08/07/2020","1.80","1.82","1.82","1.77","3.47M","-1.10%"
"08/06/2020","1.82","1.74","1.82","1.74","3.77M","4.60%"
"08/05/2020","1.74","1.75","1.75","1.72","4.38M","1.16%"
"08/04/2020","1.72","1.82","1.82","1.65","20.62M","-13.13%"
"08/03/2020","1.98","1.93","2.00","1.92","3.30M","3.13%"
"07/31/2020","1.92","1.90","1.92","1.89","2.79M","1.59%"
"07/30/2020","1.89","1.88","1.90","1.87","3.62M","0.53%"
"07/29/2020","1.88","1.88","1.88","1.87","2.67M","-0.53%"
"07/28/2020","1.89","1.87","1.89","1.87","3.02M","1.07%"
"07/27/2020","1.87","1.90","1.90","1.87","4.75M","0.00%"
"07/24/2020","1.87","1.92","1.93","1.86","11.83M","-3.61%"
"07/23/2020","1.94","2.01","2.01","1.89","20.22M","-3.48%"
"07/22/2020","2.01","2.07","2.07","2.00","8.94M","-2.90%"
"07/21/2020","2.07","2.11","2.11","2.05","7.26M","-1.43%"
"07/20/2020","2.10","2.10","2.11","2.10","2.07M","-0.47%"
"07/17/2020","2.11","2.12","2.12","2.10","1.67M","-0.47%"
"07/16/2020","2.12","2.11","2.12","2.11","1.46M","0.00%"
"07/15/2020","2.12","2.13","2.13","2.10","3.56M","0.00%"
"07/14/2020","2.12","2.13","2.14","2.11","4.01M","-0.47%"
"07/13/2020","2.13","2.15","2.16","2.13","1.38M","-0.93%"
"07/10/2020","2.15","2.14","2.16","2.14","1.06M","-0.46%"
"07/09/2020","2.16","2.16","2.16","2.14","3.02M","0.00%"
"07/08/2020","2.16","2.19","2.19","2.15","1.71M","-0.46%"
"07/07/2020","2.17","2.16","2.18","2.16","3.63M","0.46%"
"07/06/2020","2.16","2.14","2.16","2.12","2.53M","0.93%"
"07/03/2020","2.14","2.16","2.17","2.11","3.05M","-0.47%"
"07/02/2020","2.15","2.15","2.16","2.14","1.61M","0.00%"
"06/30/2020","2.15","2.14","2.15","2.14","1.26M","0.47%"
"06/29/2020","2.14","2.14","2.16","2.14","950.65K","0.00%"
"06/26/2020","2.14","2.15","2.15","2.13","2.52M","-0.47%"
"06/24/2020","2.15","2.17","2.18","2.15","1.85M","-0.92%"
"06/23/2020","2.17","2.18","2.18","2.16","1.36M","-0.46%"
"06/22/2020","2.18","2.17","2.18","2.16","921.79K","0.46%"
"06/19/2020","2.17","2.16","2.18","2.16","630.97K","0.00%"
"06/18/2020","2.17","2.18","2.19","2.16","718.53K","-0.46%"
"06/17/2020","2.18","2.18","2.20","2.16","1.22M","0.00%"
"06/16/2020","2.18","2.17","2.19","2.16","1.44M","0.00%"
"06/15/2020","2.18","2.17","2.18","2.17","695.16K","0.46%"
"06/12/2020","2.17","2.18","2.19","2.16","5.02M","-1.36%"
"06/11/2020","2.20","2.20","2.21","2.18","1.79M","-0.45%"
"06/10/2020","2.21","2.20","2.21","2.18","1.10M","0.45%"
"06/09/2020","2.20","2.20","2.21","2.19","3.13M","0.46%"
"06/08/2020","2.19","2.20","2.22","2.19","1.91M","-0.45%"
"06/05/2020","2.20","2.20","2.20","2.17","1.56M","1.38%"
"06/04/2020","2.17","2.21","2.22","2.17","1.78M","-1.36%"
"06/03/2020","2.20","2.17","2.21","2.17","2.32M","2.33%"
"06/02/2020","2.15","2.11","2.16","2.10","3.67M","1.42%"
"06/01/2020","2.12","2.12","2.12","2.10","3.23M","0.47%"
"05/29/2020","2.11","2.12","2.12","2.10","3.02M","-0.47%"
"05/28/2020","2.12","2.10","2.14","2.10","2.91M","0.00%"
"05/27/2020","2.12","2.14","2.14","2.11","3.60M","-0.93%"
"05/26/2020","2.14","2.13","2.16","2.12","1.77M","0.47%"
"05/25/2020","2.13","2.15","2.18","2.12","6.03M","-1.84%"
"05/22/2020","2.17","2.25","2.25","2.17","8.60M","-3.56%"
"05/21/2020","2.25","2.26","2.26","2.25","1.63M","-0.88%"
"05/20/2020","2.27","2.26","2.27","2.25","2.85M","0.44%"
"05/19/2020","2.26","2.27","2.27","2.26","2.05M","-0.44%"
"05/18/2020","2.27","2.26","2.27","2.25","2.10M","0.44%"
"05/15/2020","2.26","2.26","2.27","2.25","3.84M","-0.88%"
"05/14/2020","2.28","2.27","2.28","2.25","2.34M","0.44%"
"05/13/2020","2.27","2.27","2.28","2.26","1.90M","0.00%"
"05/12/2020","2.27","2.28","2.28","2.27","692.00K","0.00%"
"05/11/2020","2.27","2.26","2.28","2.25","1.37M","0.44%"
"05/08/2020","2.26","2.27","2.27","2.26","950.43K","0.00%"
"05/07/2020","2.26","2.26","2.27","2.26","365.00K","-0.44%"
"05/06/2020","2.27","2.25","2.27","2.24","1.97M","0.89%"
"05/05/2020","2.25","2.26","2.26","2.24","1.57M","-0.44%"
"05/04/2020","2.26","2.27","2.27","2.25","3.12M","-0.44%"
"04/29/2020","2.27","2.26","2.28","2.26","2.67M","0.00%"
"04/28/2020","2.27","2.26","2.28","2.25","2.67M","0.44%"
"04/27/2020","2.26","2.26","2.27","2.25","3.45M","0.00%"
"04/24/2020","2.26","2.26","2.27","2.25","1.05M","0.00%"
"04/23/2020","2.26","2.26","2.27","2.25","2.94M","0.00%"
"04/22/2020","2.26","2.25","2.27","2.25","2.47M","0.00%"
"04/21/2020","2.26","2.27","2.28","2.25","3.21M","-0.44%"
"04/20/2020","2.27","2.27","2.28","2.26","2.54M","0.00%"
"04/17/2020","2.27","2.27","2.29","2.25","5.69M","0.00%"
"04/16/2020","2.27","2.27","2.27","2.25","5.55M","0.00%"
"04/15/2020","2.27","2.27","2.28","2.25","5.26M","0.00%"
"04/14/2020","2.27","2.26","2.28","2.24","6.96M","0.44%"
"04/09/2020","2.26","2.22","2.28","2.21","3.86M","1.35%"
"04/08/2020","2.23","2.25","2.25","2.21","2.05M","-0.45%"
"04/07/2020","2.24","2.25","2.27","2.20","4.53M","0.45%"
"04/06/2020","2.23","2.26","2.28","2.21","4.37M","-0.89%"
"04/03/2020","2.25","2.25","2.29","2.23","2.31M","0.00%"
"04/02/2020","2.25","2.30","2.34","2.24","5.30M","-3.85%"
"04/01/2020","2.34","2.24","2.40","2.24","8.01M","4.46%"
"03/31/2020","2.24","2.14","2.24","2.12","6.14M","5.66%"
"03/30/2020","2.12","2.10","2.15","2.10","3.40M","0.00%"
"03/27/2020","2.12","2.10","2.12","2.09","5.18M","-1.40%"
"03/26/2020","2.15","2.14","2.16","2.12","9.94M","0.47%"
"03/25/2020","2.14","2.17","2.17","2.11","10.03M","4.90%"
"03/24/2020","2.04","2.04","2.06","2.01","10.00M","2.51%"
"03/23/2020","1.99","2.10","2.10","1.99","20.50M","-8.29%"
"03/20/2020","2.17","2.01","2.18","2.00","11.14M","9.60%"
"03/19/2020","1.98","2.38","2.39","1.97","34.82M","-16.81%"
"03/18/2020","2.38","2.43","2.49","2.37","15.11M","-2.06%"
"03/17/2020","2.43","2.68","2.68","2.38","30.76M","-13.21%"
"03/16/2020","2.80","2.98","2.99","2.80","18.62M","-6.67%"
"03/13/2020","3.00","3.03","3.04","2.98","21.01M","-2.28%"
"03/12/2020","3.07","3.09","3.10","3.05","8.05M","-1.29%"
"03/11/2020","3.11","3.10","3.13","3.09","3.93M","0.65%"
"03/10/2020","3.09","3.04","3.10","3.04","4.14M","0.98%"
"03/09/2020","3.06","3.10","3.11","3.05","14.36M","-1.92%"
"03/06/2020","3.12","3.16","3.17","3.12","14.61M","-1.58%"
"03/05/2020","3.17","3.17","3.18","3.16","1.95M","0.00%"
"03/04/2020","3.17","3.15","3.17","3.15","1.77M","0.00%"
"03/03/2020","3.17","3.17","3.18","3.16","3.73M","0.32%"
"03/02/2020","3.16","3.16","3.16","3.15","3.54M","0.00%"
"02/28/2020","3.16","3.16","3.17","3.14","17.21M","-0.32%"
"02/27/2020","3.17","3.17","3.18","3.16","6.95M","0.00%"
"02/26/2020","3.17","3.17","3.18","3.16","4.64M","0.00%"
"02/25/2020","3.17","3.16","3.18","3.16","2.26M","0.00%"
"02/24/2020","3.17","3.18","3.18","3.17","3.67M","0.00%"
"02/21/2020","3.17","3.17","3.19","3.17","4.23M","0.00%"
"02/20/2020","3.17","3.18","3.19","3.17","4.37M","-0.31%"
"02/19/2020","3.18","3.20","3.20","3.17","6.94M","-0.31%"
"02/18/2020","3.19","3.20","3.21","3.19","2.61M","-0.31%"
"02/17/2020","3.20","3.20","3.21","3.19","2.38M","0.31%"
"02/14/2020","3.19","3.21","3.22","3.19","2.99M","0.00%"
"02/13/2020","3.19","3.18","3.20","3.16","1.02M","0.31%"
"02/12/2020","3.18","3.17","3.18","3.16","4.73M","0.63%"
"02/11/2020","3.16","3.17","3.19","3.16","2.94M","-0.32%"
"02/10/2020","3.17","3.17","3.19","3.16","10.55M","-0.31%"
"02/07/2020","3.18","3.18","3.20","3.17","3.09M","0.00%"
"02/06/2020","3.18","3.17","3.19","3.17","4.53M","0.63%"
"02/05/2020","3.16","3.18","3.18","3.16","6.24M","-0.32%"
"02/04/2020","3.17","3.18","3.18","3.16","6.86M","0.32%"
"02/03/2020","3.16","3.18","3.20","3.16","11.11M","-1.25%"
"01/31/2020","3.20","3.20","3.21","3.19","8.05M","0.31%"
"01/30/2020","3.19","3.21","3.23","3.19","10.69M","-0.93%"
"01/29/2020","3.22","3.24","3.25","3.20","10.42M","-1.83%"
"01/24/2020","3.28","3.28","3.29","3.27","1.78M","0.00%"
"01/23/2020","3.28","3.29","3.29","3.28","4.56M","-0.30%"
"01/22/2020","3.29","3.30","3.30","3.28","1.23M","0.00%"
"01/21/2020","3.29","3.28","3.29","3.28","2.38M","0.30%"
"01/20/2020","3.28","3.29","3.30","3.28","2.85M","-0.61%"
"01/17/2020","3.30","3.28","3.30","3.28","2.99M","0.61%"
"01/16/2020","3.28","3.29","3.29","3.28","1.98M","-0.30%"
"01/15/2020","3.29","3.28","3.29","3.28","964.23K","0.30%"
"01/14/2020","3.28","3.28","3.30","3.28","2.30M","0.00%"
"01/13/2020","3.28","3.28","3.30","3.27","2.03M","-0.30%"
"01/10/2020","3.29","3.29","3.29","3.28","1.14M","0.30%"
"01/09/2020","3.28","3.29","3.29","3.28","1.66M","0.31%"
"01/08/2020","3.27","3.27","3.28","3.27","1.37M","-0.30%"
"01/07/2020","3.28","3.27","3.28","3.27","1.03M","0.31%"
"01/06/2020","3.27","3.26","3.28","3.26","1.64M","0.31%"
"01/03/2020","3.26","3.27","3.28","3.24","14.61M","-0.61%"
"01/02/2020","3.28","3.28","3.28","3.26","1.10M","0.00%"
"12/31/2019","3.28","3.26","3.28","3.26","3.32M","0.92%"
"12/30/2019","3.25","3.26","3.27","3.25","3.81M","-0.31%"
"12/27/2019","3.26","3.27","3.27","3.25","12.20M","-0.31%"
"12/24/2019","3.27","3.27","3.28","3.27","1.57M","0.00%"
"12/23/2019","3.27","3.27","3.28","3.27","1.88M","0.00%"
"12/20/2019","3.27","3.26","3.28","3.26","2.67M","0.00%"
"12/19/2019","3.27","3.27","3.28","3.26","3.47M","0.00%"
"12/18/2019","3.27","3.28","3.28","3.27","312.01K","0.00%"
"12/17/2019","3.27","3.27","3.28","3.26","2.81M","0.31%"
"12/16/2019","3.26","3.26","3.28","3.26","2.36M","0.00%"
"12/13/2019","3.26","3.28","3.29","3.26","5.35M","-0.31%"
"12/12/2019","3.27","3.28","3.28","3.26","3.18M","-0.30%"
"12/11/2019","3.28","3.29","3.29","3.26","2.25M","0.31%"
"12/10/2019","3.27","3.27","3.29","3.27","1.70M","-0.61%"
"12/09/2019","3.29","3.29","3.29","3.27","1.43M","0.00%"
"12/06/2019","3.29","3.27","3.29","3.27","1.12M","0.00%"
"12/05/2019","3.29","3.28","3.29","3.26","2.06M","0.92%"
"12/04/2019","3.26","3.27","3.28","3.26","1.53M","-0.31%"
"12/03/2019","3.27","3.27","3.27","3.25","6.40M","0.31%"
"12/02/2019","3.26","3.28","3.28","3.26","1.94M","-0.31%"
"11/29/2019","3.27","3.27","3.29","3.26","2.16M","0.00%"
"11/28/2019","3.27","3.27","3.28","3.26","1.33M","0.31%"
"11/27/2019","3.26","3.28","3.29","3.26","4.07M","-0.61%"
"11/26/2019","3.28","3.28","3.28","3.27","1.42M","0.61%"
"11/25/2019","3.26","3.27","3.28","3.26","2.02M","0.00%"
"11/22/2019","3.26","3.28","3.29","3.26","4.87M","-0.61%"
"11/21/2019","3.28","3.28","3.29","3.27","1.54M","0.00%"
"11/20/2019","3.28","3.28","3.29","3.28","604.61K","0.00%"
"11/19/2019","3.28","3.27","3.30","3.27","764.18K","0.00%"
"11/18/2019","3.28","3.27","3.28","3.26","819.00K","0.31%"
"11/15/2019","3.27","3.27","3.28","3.26","1.47M","0.00%"
"11/14/2019","3.27","3.27","3.28","3.27","790.74K","0.00%"
"11/13/2019","3.27","3.28","3.29","3.27","1.45M","-0.91%"
"11/12/2019","3.30","3.27","3.30","3.27","2.19M","0.92%"
"11/11/2019","3.27","3.29","3.29","3.27","1.41M","-0.61%"
"11/08/2019","3.29","3.30","3.30","3.28","1.81M","-0.30%"
"11/07/2019","3.30","3.28","3.30","3.28","676.79K","0.61%"
"11/06/2019","3.28","3.30","3.30","3.28","1.96M","-0.61%"
"11/05/2019","3.30","3.30","3.30","3.27","1.30M","0.92%"
"11/04/2019","3.27","3.27","3.30","3.27","2.88M","0.00%"
"11/01/2019","3.27","3.27","3.28","3.26","1.29M","0.00%"
"10/31/2019","3.27","3.26","3.28","3.26","1.75M","0.31%"
"10/30/2019","3.26","3.28","3.28","3.26","1.87M","-0.31%"
"10/29/2019","3.27","3.28","3.28","3.27","1.61M","-0.30%"
"10/28/2019","3.28","3.27","3.28","3.26","1.47M","0.31%"
"10/25/2019","3.27","3.26","3.27","3.26","2.90M","0.31%"
"10/24/2019","3.26","3.26","3.27","3.25","723.00K","0.00%"
"10/23/2019","3.26","3.26","3.27","3.25","9.42M","-0.31%"
"10/22/2019","3.27","3.26","3.27","3.25","947.00K","0.62%"
"10/21/2019","3.25","3.26","3.26","3.25","1.80M","0.00%"
"10/18/2019","3.25","3.24","3.26","3.24","1.49M","-0.31%"
"10/17/2019","3.26","3.23","3.26","3.22","2.94M","0.93%"
"10/16/2019","3.23","3.21","3.24","3.21","1.60M","0.62%"
"10/15/2019","3.21","3.22","3.23","3.21","1.99M","-0.31%"
"10/14/2019","3.22","3.22","3.24","3.21","4.71M","0.00%"
"10/11/2019","3.22","3.21","3.23","3.20","5.64M","0.62%"
"10/10/2019","3.20","3.21","3.22","3.20","5.21M","-0.31%"
"10/09/2019","3.21","3.21","3.21","3.20","3.73M","-0.31%"
"10/08/2019","3.22","3.20","3.22","3.20","3.19M","0.31%"
"10/04/2019","3.21","3.21","3.22","3.20","3.78M","0.00%"
"10/03/2019","3.21","3.23","3.23","3.20","3.05M","0.00%"
"10/02/2019","3.21","3.21","3.22","3.20","946.21K","0.00%"
"09/30/2019","3.21","3.21","3.23","3.21","1.68M","-0.31%"
"09/27/2019","3.22","3.22","3.22","3.21","999.18K","0.31%"
"09/26/2019","3.21","3.22","3.22","3.21","702.74K","0.00%"
"09/25/2019","3.21","3.22","3.22","3.20","1.26M","0.00%"
"09/24/2019","3.21","3.22","3.23","3.21","1.09M","-0.31%"
"09/23/2019","3.22","3.23","3.24","3.21","2.11M","-0.62%"
"09/20/2019","3.24","3.25","3.25","3.23","1.85M","-0.31%"
"09/19/2019","3.25","3.23","3.26","3.23","2.49M","0.62%"
"09/18/2019","3.23","3.24","3.24","3.22","1.76M","0.00%"
"09/17/2019","3.23","3.23","3.24","3.21","1.59M","0.62%"
"09/16/2019","3.21","3.23","3.23","3.21","1.33M","-0.62%"
"09/13/2019","3.23","3.23","3.26","3.21","2.10M","0.31%"
"09/12/2019","3.22","3.21","3.23","3.21","1.21M","0.00%"
"09/11/2019","3.22","3.20","3.23","3.20","3.22M","0.62%"
"09/10/2019","3.20","3.21","3.22","3.20","1.40M","-0.31%"
"09/09/2019","3.21","3.20","3.21","3.19","926.28K","0.31%"
"09/06/2019","3.20","3.19","3.20","3.19","2.82M","0.63%"
"09/05/2019","3.18","3.18","3.19","3.18","1.79M","0.00%"
"09/04/2019","3.18","3.16","3.19","3.16","3.18M","0.63%"
"09/03/2019","3.16","3.18","3.19","3.16","7.90M","-0.63%"
"09/02/2019","3.18","3.20","3.20","3.17","4.13M","-0.62%"
"08/30/2019","3.20","3.19","3.20","3.18","2.26M","0.31%"
"08/29/2019","3.19","3.18","3.20","3.18","2.79M","0.00%"
"08/28/2019","3.19","3.20","3.21","3.18","3.10M","0.00%"
"08/27/2019","3.19","3.19","3.21","3.19","1.54M","0.00%"
"08/26/2019","3.19","3.20","3.20","3.18","6.32M","-0.62%"
"08/23/2019","3.21","3.20","3.22","3.20","871.61K","0.31%"
"08/22/2019","3.20","3.21","3.22","3.20","3.39M","-0.31%"
"08/21/2019","3.21","3.21","3.23","3.20","2.58M","0.00%"
"08/20/2019","3.21","3.23","3.23","3.21","2.39M","0.00%"
"08/19/2019","3.21","3.20","3.23","3.20","3.52M","0.31%"
"08/16/2019","3.20","3.20","3.21","3.19","2.81M","0.00%"
"08/15/2019","3.20","3.20","3.20","3.18","4.99M","0.00%"
"08/14/2019","3.20","3.20","3.23","3.19","4.12M","0.31%"
"08/13/2019","3.19","3.24","3.25","3.18","8.92M","-1.54%"
"08/12/2019","3.24","3.26","3.26","3.24","2.44M","-0.61%"
"08/09/2019","3.26","3.28","3.28","3.26","2.92M","0.31%"
"08/08/2019","3.25","3.28","3.30","3.23","8.53M","-4.41%"
"08/07/2019","3.40","3.38","3.40","3.38","6.62M","0.89%"
"08/06/2019","3.37","3.35","3.38","3.31","8.99M","-0.30%"
"08/05/2019","3.38","3.40","3.41","3.33","10.93M","-0.88%"
"08/02/2019","3.41","3.43","3.43","3.41","5.54M","-0.58%"
"08/01/2019","3.43","3.42","3.43","3.42","5.68M","0.29%"
"07/31/2019","3.42","3.43","3.43","3.40","724.70K","0.29%"
"07/30/2019","3.41","3.38","3.43","3.37","2.27M","0.89%"
"07/29/2019","3.38","3.40","3.41","3.38","8.81M","-1.46%"
"07/26/2019","3.43","3.43","3.45","3.43","1.98M","0.00%"
"07/25/2019","3.43","3.42","3.44","3.42","2.10M","0.29%"
"07/24/2019","3.42","3.43","3.43","3.42","1.42M","0.29%"
"07/23/2019","3.41","3.40","3.43","3.40","3.41M","0.00%"
"07/22/2019","3.41","3.41","3.44","3.41","2.14M","-0.58%"
"07/19/2019","3.43","3.40","3.43","3.39","1.94M","0.59%"
"07/18/2019","3.41","3.40","3.43","3.40","4.15M","0.00%"
"07/17/2019","3.41","3.42","3.44","3.41","2.06M","-0.29%"
"07/16/2019","3.42","3.42","3.44","3.41","2.02M","0.29%"
"07/15/2019","3.41","3.40","3.41","3.40","1.53M","0.00%"
"07/12/2019","3.41","3.40","3.42","3.40","961.94K","0.29%"
"07/11/2019","3.40","3.43","3.43","3.40","2.66M","0.00%"
"07/10/2019","3.40","3.39","3.41","3.39","1.93M","0.00%"
"07/09/2019","3.40","3.40","3.41","3.39","1.45M","-0.29%"
"07/08/2019","3.41","3.42","3.43","3.39","5.20M","-0.29%"
"07/05/2019","3.42","3.44","3.44","3.42","3.21M","-0.58%"
"07/04/2019","3.44","3.43","3.45","3.43","1.56M","0.29%"
"07/03/2019","3.43","3.42","3.44","3.41","3.55M","0.59%"
"07/02/2019","3.41","3.40","3.43","3.38","5.11M","0.29%"
"06/28/2019","3.40","3.37","3.40","3.36","5.17M","0.89%"
"06/27/2019","3.37","3.37","3.38","3.36","2.26M","0.30%"
"06/26/2019","3.36","3.36","3.37","3.35","914.95K","0.00%"
"06/25/2019","3.36","3.35","3.36","3.35","1.94M","0.00%"
"06/24/2019","3.36","3.38","3.38","3.35","2.97M","-0.88%"
"06/21/2019","3.39","3.35","3.39","3.34","4.10M","1.19%"
"06/20/2019","3.35","3.35","3.37","3.34","3.05M","0.00%"
"06/19/2019","3.35","3.31","3.37","3.31","3.44M","1.21%"
"06/18/2019","3.31","3.30","3.33","3.29","2.46M","0.61%"
"06/17/2019","3.29","3.24","3.31","3.24","2.20M","0.92%"
"06/14/2019","3.26","3.25","3.26","3.24","2.18M","0.31%"
"06/13/2019","3.25","3.25","3.26","3.23","1.08M","0.00%"
"06/12/2019","3.25","3.25","3.26","3.24","1.76M","-0.31%"
"06/11/2019","3.26","3.25","3.26","3.24","1.43M","0.31%"
"06/10/2019","3.25","3.23","3.25","3.20","6.21M","0.62%"
"06/06/2019","3.23","3.22","3.24","3.20","2.48M","-0.31%"
"06/05/2019","3.24","3.20","3.25","3.20","2.36M","1.25%"
"06/04/2019","3.20","3.22","3.22","3.19","5.46M","-0.62%"
"06/03/2019","3.22","3.25","3.25","3.20","13.25M","-0.92%"
"05/31/2019","3.25","3.30","3.31","3.25","9.85M","-2.11%"
"05/30/2019","3.32","3.31","3.32","3.30","1.16M","0.30%"
"05/29/2019","3.31","3.32","3.32","3.30","7.55M","-0.30%"
"05/28/2019","3.32","3.31","3.33","3.31","1.21M","0.30%"
"05/27/2019","3.31","3.30","3.32","3.30","1.25M","0.30%"
"05/24/2019","3.30","3.31","3.32","3.30","2.82M","-0.30%"
"05/23/2019","3.31","3.34","3.34","3.31","3.36M","-0.60%"
"05/22/2019","3.33","3.32","3.33","3.32","1.47M","0.30%"
"05/21/2019","3.32","3.31","3.33","3.31","2.20M","0.30%"
"05/20/2019","3.31","3.31","3.32","3.30","2.96M","0.00%"
"05/17/2019","3.31","3.32","3.33","3.30","4.22M","0.00%"
"05/16/2019","3.31","3.32","3.32","3.31","4.16M","0.00%"
"05/15/2019","3.31","3.32","3.32","3.31","3.07M","0.00%"
"05/14/2019","3.31","3.31","3.32","3.30","5.82M","0.00%"
"05/10/2019","3.31","3.31","3.32","3.31","2.58M","0.00%"
"05/09/2019","3.31","3.32","3.33","3.31","4.43M","-0.30%"
"05/08/2019","3.32","3.33","3.34","3.32","2.38M","-0.30%"
"05/07/2019","3.33","3.33","3.34","3.32","1.85M","0.00%"
"05/06/2019","3.33","3.34","3.35","3.32","3.78M","-0.60%"
"05/03/2019","3.35","3.35","3.35","3.34","901.50K","0.00%"
"05/02/2019","3.35","3.34","3.35","3.33","2.04M","0.30%"
"04/30/2019","3.34","3.34","3.34","3.32","1.27M","0.00%"
"04/29/2019","3.34","3.33","3.34","3.32","1.77M","0.30%"
"04/26/2019","3.33","3.33","3.34","3.32","1.28M","-0.30%"
"04/25/2019","3.34","3.32","3.34","3.32","1.61M","0.30%"
"04/24/2019","3.33","3.34","3.35","3.30","4.70M","0.00%"
"04/23/2019","3.33","3.32","3.36","3.32","4.52M","0.30%"
"04/18/2019","3.32","3.34","3.34","3.32","1.54M","-0.60%"
"04/17/2019","3.34","3.35","3.35","3.33","2.01M","0.00%"
"04/16/2019","3.34","3.34","3.35","3.33","744.05K","0.00%"
"04/15/2019","3.34","3.33","3.35","3.32","2.81M","0.30%"
"04/12/2019","3.33","3.31","3.33","3.31","1.23M","0.60%"
"04/11/2019","3.31","3.31","3.32","3.30","1.36M","0.00%"
"04/10/2019","3.31","3.33","3.34","3.31","2.49M","-0.60%"
"04/09/2019","3.33","3.35","3.36","3.33","3.33M","-0.60%"
"04/08/2019","3.35","3.36","3.36","3.34","966.18K","-0.30%"
"04/04/2019","3.36","3.36","3.36","3.33","2.38M","0.00%"
"04/03/2019","3.36","3.35","3.36","3.34","2.93M","0.30%"
"04/02/2019","3.35","3.34","3.35","3.33","3.93M","0.30%"
"04/01/2019","3.34","3.30","3.36","3.29","4.97M","1.52%"
"03/29/2019","3.29","3.27","3.29","3.27","1.74M","0.61%"
"03/28/2019","3.27","3.28","3.28","3.25","8.07M","-3.25%"
"03/27/2019","3.38","3.39","3.40","3.37","8.64M","0.00%"
"03/26/2019","3.38","3.39","3.39","3.38","6.58M","-0.29%"
"03/25/2019","3.39","3.38","3.39","3.37","2.09M","0.30%"
"03/22/2019","3.38","3.39","3.39","3.37","3.62M","0.00%"
"03/21/2019","3.38","3.39","3.39","3.38","2.69M","-0.29%"
"03/20/2019","3.39","3.37","3.39","3.37","3.16M","0.30%"
"03/19/2019","3.38","3.36","3.38","3.36","1.50M","0.60%"
"03/18/2019","3.36","3.35","3.37","3.31","6.12M","-0.88%"
"03/15/2019","3.39","3.38","3.39","3.38","3.34M","0.30%"
"03/14/2019","3.38","3.38","3.39","3.38","1.15M","0.00%"
"03/13/2019","3.38","3.38","3.39","3.37","1.91M","0.00%"
"03/12/2019","3.38","3.38","3.39","3.29","6.08M","0.30%"
"03/11/2019","3.37","3.36","3.38","3.36","2.15M","0.30%"
"03/08/2019","3.36","3.37","3.38","3.36","1.79M","-0.30%"
"03/07/2019","3.37","3.38","3.38","3.37","2.27M","0.00%"
"03/06/2019","3.37","3.37","3.38","3.36","2.05M","0.00%"
"03/05/2019","3.37","3.38","3.38","3.36","1.61M","-0.30%"
"03/04/2019","3.38","3.38","3.38","3.37","2.24M","0.00%"
"03/01/2019","3.38","3.37","3.38","3.36","2.75M","0.60%"
"02/28/2019","3.36","3.37","3.38","3.36","2.11M","-0.30%"
"02/27/2019","3.37","3.38","3.38","3.37","1.93M","-0.30%"
"02/26/2019","3.38","3.38","3.38","3.37","4.57M","0.00%"
"02/25/2019","3.38","3.38","3.39","3.37","2.89M","0.00%"
"02/22/2019","3.38","3.38","3.39","3.37","1.42M","0.00%"
"02/21/2019","3.38","3.38","3.40","3.37","6.34M","-0.29%"
"02/20/2019","3.39","3.38","3.39","3.37","1.69M","0.00%"
"02/19/2019","3.39","3.37","3.39","3.37","1.94M","0.59%"
"02/18/2019","3.37","3.38","3.39","3.37","3.10M","-0.59%"
"02/15/2019","3.39","3.38","3.40","3.37","5.71M","-0.29%"
"02/14/2019","3.40","3.40","3.40","3.38","4.02M","0.00%"
"02/13/2019","3.40","3.36","3.40","3.36","10.72M","1.19%"
"02/12/2019","3.36","3.36","3.37","3.34","3.76M","0.00%"
"02/11/2019","3.36","3.34","3.36","3.33","7.06M","0.60%"
"02/08/2019","3.34","3.35","3.36","3.33","2.46M","-0.30%"
"02/04/2019","3.35","3.34","3.36","3.32","3.02M","0.00%"
"02/01/2019","3.35","3.33","3.36","3.32","7.23M","0.60%"
"01/31/2019","3.33","3.31","3.33","3.31","7.29M","0.60%"
"01/30/2019","3.31","3.30","3.32","3.29","4.04M","0.61%"
"01/29/2019","3.29","3.30","3.30","3.29","2.83M","-0.30%"
"01/28/2019","3.30","3.29","3.31","3.28","4.76M","0.61%"
"01/25/2019","3.28","3.28","3.29","3.27","3.73M","0.31%"
"01/24/2019","3.27","3.27","3.27","3.25","2.39M","0.31%"
"01/23/2019","3.26","3.26","3.27","3.25","3.86M","0.00%"
"01/22/2019","3.26","3.25","3.26","3.24","1.51M","0.31%"
"01/21/2019","3.25","3.24","3.25","3.24","1.60M","0.31%"
"01/18/2019","3.24","3.24","3.24","3.23","2.21M","0.00%"
"01/17/2019","3.24","3.23","3.24","3.22","1.22M","0.31%"
"01/16/2019","3.23","3.22","3.23","3.22","1.15M","0.31%"
"01/15/2019","3.22","3.23","3.23","3.22","2.41M","-0.31%"
"01/14/2019","3.23","3.22","3.23","3.22","1.12M","0.00%"
"01/11/2019","3.23","3.22","3.23","3.21","3.33M","0.62%"
"01/10/2019","3.21","3.21","3.22","3.21","1.50M","0.00%"
"01/09/2019","3.21","3.20","3.21","3.19","2.66M","0.31%"
"01/08/2019","3.20","3.19","3.20","3.19","1.41M","0.31%"
"01/07/2019","3.19","3.19","3.21","3.19","2.44M","0.00%"
"01/04/2019","3.19","3.19","3.20","3.18","1.51M","0.00%"
"01/03/2019","3.19","3.18","3.19","3.18","1.18M","0.31%"
"01/02/2019","3.18","3.19","3.19","3.18","1.68M","-0.31%"
"12/31/2018","3.19","3.18","3.21","3.18","440.12K","0.31%"
"12/28/2018","3.18","3.20","3.20","3.18","1.51M","0.00%"
"12/27/2018","3.18","3.20","3.20","3.18","1.68M","-0.62%"
"12/24/2018","3.20","3.21","3.21","3.18","1.04M","-0.31%"
"12/21/2018","3.21","3.20","3.21","3.18","2.28M","0.00%"
"12/20/2018","3.21","3.21","3.22","3.20","1.41M","0.00%"
"12/19/2018","3.21","3.21","3.23","3.20","3.63M","0.31%"
"12/18/2018","3.20","3.20","3.22","3.19","3.26M","-0.62%"
"12/17/2018","3.22","3.18","3.22","3.18","4.85M","1.26%"
"12/14/2018","3.18","3.20","3.20","3.18","965.44K","-0.62%"
"12/13/2018","3.20","3.18","3.20","3.17","2.55M","0.95%"
"12/12/2018","3.17","3.18","3.19","3.17","2.25M","-0.31%"
"12/11/2018","3.18","3.19","3.19","3.18","1.90M","-0.31%"
"12/10/2018","3.19","3.21","3.22","3.19","1.89M","-0.93%"
"12/07/2018","3.22","3.20","3.22","3.20","770.00K","0.94%"
"12/06/2018","3.19","3.20","3.21","3.19","1.84M","-0.62%"
"12/05/2018","3.21","3.21","3.22","3.19","2.08M","-0.31%"
"12/04/2018","3.22","3.25","3.25","3.22","2.77M","-0.92%"
"12/03/2018","3.25","3.21","3.25","3.21","7.43M","1.25%"
"11/30/2018","3.21","3.20","3.21","3.17","6.06M","0.94%"
"11/29/2018","3.18","3.19","3.20","3.18","3.75M","-0.31%"
"11/28/2018","3.19","3.17","3.19","3.16","3.25M","0.63%"
"11/27/2018","3.17","3.17","3.18","3.15","1.49M","0.63%"
"11/26/2018","3.15","3.16","3.16","3.15","869.04K","0.00%"
"11/23/2018","3.15","3.15","3.16","3.14","1.41M","0.00%"
"11/22/2018","3.15","3.16","3.17","3.15","1.03M","-0.32%"
"11/21/2018","3.16","3.16","3.17","3.15","1.19M","-0.32%"
"11/20/2018","3.17","3.17","3.18","3.17","1.31M","-0.63%"
"11/19/2018","3.19","3.19","3.19","3.16","1.86M","0.63%"
"11/16/2018","3.17","3.16","3.19","3.15","4.85M","0.32%"
"11/15/2018","3.16","3.15","3.17","3.15","2.21M","0.32%"
"11/14/2018","3.15","3.13","3.16","3.13","6.94M","0.64%"
"11/13/2018","3.13","3.12","3.14","3.11","1.79M","0.32%"
"11/12/2018","3.12","3.12","3.14","3.11","1.78M","0.00%"
"11/09/2018","3.12","3.11","3.12","3.10","3.86M","0.00%"
"11/08/2018","3.12","3.09","3.12","3.08","3.00M","1.30%"
"11/07/2018","3.08","3.06","3.09","3.06","3.36M","0.65%"
"11/06/2018","3.06","3.06","3.08","3.05","4.46M","0.66%"
"11/05/2018","3.04","3.06","3.07","3.04","4.65M","-0.65%"
"11/02/2018","3.06","3.06","3.07","3.04","10.37M","0.66%"
"11/01/2018","3.04","3.04","3.05","3.03","6.21M","0.33%"
"10/31/2018","3.03","3.04","3.05","3.03","4.39M","0.00%"
"10/30/2018","3.03","3.04","3.05","3.03","3.76M","-0.33%"
"10/29/2018","3.04","3.04","3.05","3.04","4.47M","0.00%"
"10/26/2018","3.04","3.06","3.06","3.04","3.34M","0.00%"
"10/25/2018","3.04","3.05","3.05","3.04","2.52M","-0.65%"
"10/24/2018","3.06","3.06","3.07","3.05","4.73M","0.33%"
"10/23/2018","3.05","3.07","3.07","3.05","4.20M","-0.33%"
"10/22/2018","3.06","3.05","3.08","3.05","3.06M","0.33%"
"10/19/2018","3.05","3.06","3.07","3.05","6.87M","-0.33%"
"10/18/2018","3.06","3.08","3.08","3.06","4.45M","-0.65%"
"10/16/2018","3.08","3.08","3.08","3.07","1.61M","0.00%"
"10/15/2018","3.08","3.10","3.10","3.07","3.01M","-0.65%"
"10/12/2018","3.10","3.08","3.10","3.07","5.60M","0.65%"
"10/11/2018","3.08","3.09","3.10","3.07","8.88M","-0.65%"
"10/10/2018","3.10","3.11","3.11","3.09","5.74M","-0.32%"
"10/09/2018","3.11","3.10","3.11","3.10","4.56M","0.32%"
"10/08/2018","3.10","3.13","3.14","3.10","10.61M","-0.64%"
"10/05/2018","3.12","3.15","3.15","3.12","10.49M","-0.95%"
"10/04/2018","3.15","3.13","3.15","3.13","1.52M","0.64%"
"10/03/2018","3.13","3.14","3.15","3.13","2.94M","-0.32%"
"10/02/2018","3.14","3.15","3.15","3.13","3.28M","-0.32%"
"09/28/2018","3.15","3.16","3.16","3.14","3.67M","-0.32%"
"09/27/2018","3.16","3.15","3.16","3.14","2.98M","0.00%"
"09/26/2018","3.16","3.15","3.16","3.14","2.27M","0.32%"
"09/24/2018","3.15","3.15","3.15","3.14","959.00K","0.00%"
"09/21/2018","3.15","3.14","3.15","3.14","2.45M","0.00%"
"09/20/2018","3.15","3.15","3.15","3.13","4.00M","0.64%"
"09/19/2018","3.13","3.15","3.15","3.13","3.94M","-0.63%"
"09/18/2018","3.15","3.15","3.15","3.13","3.23M","0.00%"
"09/17/2018","3.15","3.15","3.15","3.13","4.71M","0.00%"
"09/14/2018","3.15","3.15","3.15","3.14","2.79M","0.00%"
"09/13/2018","3.15","3.14","3.15","3.13","6.33M","0.32%"
"09/12/2018","3.14","3.14","3.15","3.13","1.40M","-0.32%"
"09/11/2018","3.15","3.14","3.15","3.13","1.90M","0.32%"
"09/10/2018","3.14","3.14","3.15","3.13","4.78M","0.00%"
"09/07/2018","3.14","3.15","3.16","3.14","2.70M","-0.63%"
"09/06/2018","3.16","3.17","3.17","3.15","4.29M","0.00%"
"09/05/2018","3.16","3.18","3.18","3.16","4.09M","-0.63%"
"09/04/2018","3.18","3.17","3.18","3.17","1.85M","0.32%"
"09/03/2018","3.17","3.18","3.18","3.16","2.13M","-0.31%"
"08/31/2018","3.18","3.16","3.18","3.16","5.59M","0.63%"
"08/30/2018","3.16","3.16","3.17","3.15","2.30M","0.00%"
"08/29/2018","3.16","3.16","3.17","3.15","1.83M","0.00%"
"08/28/2018","3.16","3.15","3.16","3.15","3.04M","0.32%"
"08/27/2018","3.15","3.13","3.16","3.12","4.11M","0.64%"
"08/24/2018","3.13","3.12","3.13","3.12","4.47M","0.00%"
"08/23/2018","3.13","3.12","3.13","3.12","2.54M","0.32%"
"08/22/2018","3.12","3.13","3.13","3.12","2.44M","-0.32%"
"08/21/2018","3.13","3.13","3.13","3.12","1.84M","0.00%"
"08/20/2018","3.13","3.13","3.13","3.12","2.09M","0.00%"
"08/17/2018","3.13","3.13","3.13","3.12","3.79M","-0.32%"
"08/16/2018","3.14","3.15","3.15","3.13","3.41M","-0.32%"
"08/15/2018","3.15","3.15","3.16","3.14","3.42M","0.32%"
"08/14/2018","3.14","3.17","3.17","3.14","6.04M","-0.95%"
"08/13/2018","3.17","3.17","3.17","3.16","2.65M","0.00%"
"08/10/2018","3.17","3.18","3.18","3.17","5.62M","0.00%"
"08/09/2018","3.17","3.18","3.19","3.16","7.26M","-4.23%"
"08/08/2018","3.31","3.32","3.33","3.31","7.83M","-0.30%"
"08/07/2018","3.32","3.31","3.33","3.31","8.58M","0.30%"
"08/06/2018","3.31","3.30","3.32","3.30","4.25M","0.00%"
"08/03/2018","3.31","3.31","3.32","3.30","5.59M","-0.30%"
"08/02/2018","3.32","3.35","3.35","3.29","7.71M","-0.60%"
"08/01/2018","3.34","3.29","3.35","3.29","11.02M","1.52%"
"07/31/2018","3.29","3.28","3.30","3.27","11.15M","0.30%"
"07/30/2018","3.28","3.25","3.28","3.25","3.40M","0.92%"
"07/27/2018","3.25","3.25","3.26","3.23","2.97M","0.00%"
"07/26/2018","3.25","3.22","3.25","3.22","1.52M","1.25%"
"07/25/2018","3.21","3.22","3.22","3.21","3.74M","0.00%"
"07/24/2018","3.21","3.23","3.24","3.21","3.05M","-0.62%"
"07/23/2018","3.23","3.23","3.24","3.21","4.41M","0.00%"
"07/20/2018","3.23","3.24","3.25","3.23","3.19M","-0.31%"
"07/19/2018","3.24","3.24","3.25","3.23","4.45M","0.00%"
"07/18/2018","3.24","3.24","3.25","3.24","1.27M","0.00%"
"07/17/2018","3.24","3.24","3.25","3.24","3.36M","0.00%"
"07/16/2018","3.24","3.25","3.25","3.24","2.78M","0.00%"
"07/13/2018","3.24","3.23","3.24","3.22","2.94M","0.31%"
"07/12/2018","3.23","3.21","3.24","3.21","4.20M","0.31%"
"07/11/2018","3.22","3.20","3.22","3.19","4.29M","0.94%"
"07/10/2018","3.19","3.19","3.20","3.19","5.47M","-0.31%"
"07/09/2018","3.20","3.19","3.20","3.18","3.95M","0.31%"
"07/06/2018","3.19","3.18","3.19","3.18","8.27M","0.31%"
"07/05/2018","3.18","3.18","3.20","3.17","4.77M","0.00%"
"07/04/2018","3.18","3.19","3.20","3.18","3.95M","0.00%"
"07/03/2018","3.18","3.18","3.19","3.17","4.25M","-0.31%"
"06/29/2018","3.19","3.19","3.19","3.18","2.49M","0.00%"
"06/28/2018","3.19","3.17","3.19","3.17","5.96M","0.63%"
"06/27/2018","3.17","3.18","3.18","3.17","2.41M","0.00%"
"06/26/2018","3.17","3.18","3.18","3.16","3.47M","0.00%"
"06/25/2018","3.17","3.18","3.18","3.17","1.63M","0.00%"
"06/22/2018","3.17","3.17","3.18","3.17","2.13M","-0.31%"
"06/21/2018","3.18","3.16","3.18","3.16","2.45M","0.63%"
"06/20/2018","3.16","3.16","3.18","3.16","1.78M","-0.32%"
"06/19/2018","3.17","3.18","3.18","3.15","5.63M","0.32%"
"06/15/2018","3.16","3.18","3.18","3.15","10.70M","-0.32%"
"06/14/2018","3.17","3.19","3.20","3.16","16.92M","-0.63%"
"06/13/2018","3.19","3.20","3.20","3.19","733.98K","-0.31%"
"06/12/2018","3.20","3.18","3.20","3.18","3.41M","0.31%"
"06/11/2018","3.19","3.19","3.19","3.17","6.51M","0.31%"
"06/08/2018","3.18","3.18","3.19","3.17","5.31M","0.00%"
"06/07/2018","3.18","3.19","3.19","3.17","4.56M","0.00%"
"06/06/2018","3.18","3.19","3.19","3.17","8.79M","-0.31%"
"06/05/2018","3.19","3.19","3.19","3.17","5.43M","0.00%"
"06/04/2018","3.19","3.18","3.19","3.17","7.00M","0.63%"
"06/01/2018","3.17","3.18","3.18","3.16","2.42M","-0.31%"
"05/31/2018","3.18","3.18","3.18","3.16","5.59M","0.00%"
"05/30/2018","3.18","3.17","3.18","3.16","3.92M","0.63%"
"05/29/2018","3.16","3.17","3.18","3.16","8.52M","-0.32%"
"05/28/2018","3.17","3.17","3.18","3.16","2.72M","0.00%"
"05/25/2018","3.17","3.17","3.18","3.16","2.61M","0.00%"
"05/24/2018","3.17","3.17","3.17","3.16","1.03M","0.32%"
"05/23/2018","3.16","3.18","3.18","3.16","3.89M","-0.63%"
"05/21/2018","3.18","3.18","3.19","3.17","6.51M","0.00%"
"05/18/2018","3.18","3.18","3.18","3.16","3.40M","0.32%"
"05/17/2018","3.17","3.17","3.18","3.16","9.55M","0.00%"
"05/16/2018","3.17","3.19","3.19","3.17","4.59M","-0.63%"
"05/15/2018","3.19","3.20","3.22","3.19","5.27M","-0.62%"
"05/14/2018","3.21","3.19","3.21","3.16","6.47M","1.58%"
"05/11/2018","3.16","3.16","3.19","3.15","4.90M","0.32%"
"05/10/2018","3.15","3.14","3.16","3.14","2.31M","0.00%"
"05/09/2018","3.15","3.13","3.15","3.13","2.64M","0.64%"
"05/08/2018","3.13","3.12","3.14","3.12","3.21M","0.32%"
"05/07/2018","3.12","3.12","3.13","3.12","2.05M","0.00%"
"05/04/2018","3.12","3.12","3.13","3.12","1.57M","0.00%"
"05/03/2018","3.12","3.11","3.13","3.11","2.00M","0.00%"
"05/02/2018","3.12","3.12","3.13","3.11","2.48M","0.32%"
"04/30/2018","3.11","3.11","3.12","3.11","1.52M","0.00%"
"04/27/2018","3.11","3.12","3.12","3.11","1.93M","0.00%"
"04/26/2018","3.11","3.11","3.12","3.11","1.83M","-0.32%"
"04/25/2018","3.12","3.12","3.13","3.10","2.10M","0.00%"
"04/24/2018","3.12","3.11","3.13","3.11","1.33M","0.32%"
"04/23/2018","3.11","3.11","3.13","3.10","1.97M","-0.32%"
"04/20/2018","3.12","3.11","3.12","3.10","2.99M","0.00%"
"04/19/2018","3.12","3.11","3.13","3.11","2.99M","0.32%"
"04/18/2018","3.11","3.11","3.12","3.11","2.50M","-0.32%"
"04/17/2018","3.12","3.10","3.12","3.10","2.95M","0.32%"
"04/16/2018","3.11","3.11","3.12","3.10","2.65M","0.00%"
"04/13/2018","3.11","3.11","3.12","3.10","3.04M","0.00%"
"04/12/2018","3.11","3.12","3.13","3.11","2.42M","-0.32%"
"04/11/2018","3.12","3.12","3.13","3.11","2.62M","0.00%"
"04/10/2018","3.12","3.12","3.13","3.11","2.73M","0.00%"
"04/09/2018","3.12","3.11","3.12","3.10","1.67M","0.32%"
"04/06/2018","3.11","3.11","3.12","3.09","1.69M","0.32%"
"04/04/2018","3.10","3.10","3.11","3.09","3.84M","0.32%"
"04/03/2018","3.09","3.10","3.11","3.09","2.54M","-0.32%"
"03/29/2018","3.10","3.11","3.11","3.10","1.92M","-0.64%"
"03/28/2018","3.12","3.12","3.12","3.11","1.03M","0.32%"
"03/27/2018","3.11","3.12","3.12","3.10","1.69M","0.32%"
"03/26/2018","3.10","3.10","3.10","3.09","2.95M","0.00%"
"03/23/2018","3.10","3.10","3.11","3.09","7.48M","-4.32%"
"03/22/2018","3.24","3.26","3.27","3.24","10.35M","-0.31%"
"03/21/2018","3.25","3.26","3.27","3.25","10.05M","0.00%"
"03/20/2018","3.25","3.25","3.27","3.25","3.58M","0.00%"
"03/19/2018","3.25","3.26","3.27","3.25","6.72M","-0.31%"
"03/16/2018","3.26","3.25","3.27","3.25","1.80M","0.00%"
"03/15/2018","3.26","3.25","3.27","3.25","6.43M","0.00%"
"03/14/2018","3.26","3.24","3.26","3.24","3.00M","0.00%"
"03/13/2018","3.26","3.26","3.26","3.24","6.37M","-0.31%"
"03/12/2018","3.27","3.26","3.28","3.25","3.67M","0.31%"
"03/09/2018","3.26","3.25","3.27","3.25","2.96M","0.31%"
"03/08/2018","3.25","3.24","3.25","3.23","2.04M","0.31%"
"03/07/2018","3.24","3.25","3.25","3.22","2.95M","-0.31%"
"03/06/2018","3.25","3.23","3.25","3.22","1.31M","0.62%"
"03/05/2018","3.23","3.22","3.24","3.22","1.44M","0.31%"
"03/02/2018","3.22","3.23","3.24","3.22","2.36M","-0.62%"
"03/01/2018","3.24","3.23","3.24","3.21","2.27M","0.62%"
"02/28/2018","3.22","3.23","3.24","3.22","1.39M","-0.31%"
"02/27/2018","3.23","3.24","3.24","3.23","873.97K","-0.31%"
"02/26/2018","3.24","3.24","3.25","3.23","1.23M","0.00%"
"02/23/2018","3.24","3.22","3.25","3.21","2.05M","0.93%"
"02/22/2018","3.21","3.22","3.22","3.19","1.72M","-0.31%"
"02/21/2018","3.22","3.21","3.22","3.21","793.65K","0.31%"
"02/20/2018","3.21","3.22","3.22","3.20","1.26M","0.00%"
"02/15/2018","3.21","3.20","3.22","3.20","1.45M","0.94%"
"02/14/2018","3.18","3.14","3.20","3.14","1.69M","1.27%"
"02/13/2018","3.14","3.15","3.16","3.13","3.11M","0.32%"
"02/12/2018","3.13","3.12","3.15","3.12","2.69M","0.32%"
"02/09/2018","3.12","3.13","3.14","3.10","4.42M","-0.95%"
"02/08/2018","3.15","3.17","3.17","3.14","2.54M","0.32%"
"02/07/2018","3.14","3.19","3.20","3.14","4.85M","-0.63%"
"02/06/2018","3.16","3.19","3.21","3.15","13.39M","-1.56%"
"02/05/2018","3.21","3.22","3.22","3.20","2.38M","-0.93%"
"02/02/2018","3.24","3.21","3.25","3.21","2.08M","0.62%"
"02/01/2018","3.22","3.20","3.23","3.20","1.66M","0.31%"
"01/31/2018","3.21","3.22","3.22","3.20","2.24M","-0.31%"
"01/30/2018","3.22","3.24","3.25","3.22","2.79M","-0.62%"
"01/29/2018","3.24","3.25","3.28","3.24","2.83M","-0.31%"
"01/26/2018","3.25","3.27","3.28","3.25","3.71M","-0.61%"
"01/25/2018","3.27","3.28","3.28","3.25","2.30M","-0.30%"
"01/24/2018","3.28","3.28","3.29","3.27","1.28M","0.31%"
"01/23/2018","3.27","3.27","3.29","3.27","3.03M","0.00%"
"01/22/2018","3.27","3.25","3.29","3.24","5.58M","0.93%"
"01/19/2018","3.24","3.22","3.25","3.22","3.62M","0.31%"
"01/18/2018","3.23","3.22","3.23","3.22","2.72M","0.31%"
"01/17/2018","3.22","3.22","3.22","3.21","2.07M","0.00%"
"01/16/2018","3.22","3.20","3.22","3.20","2.69M","0.62%"
"01/15/2018","3.20","3.20","3.22","3.20","3.54M","-0.31%"
"01/12/2018","3.21","3.19","3.21","3.19","2.59M","0.63%"
"01/11/2018","3.19","3.20","3.20","3.19","2.14M","0.00%"
"01/10/2018","3.19","3.17","3.20","3.17","3.33M","0.63%"
"01/09/2018","3.17","3.17","3.19","3.16","4.57M","0.32%"
"01/08/2018","3.16","3.16","3.17","3.15","1.46M","0.00%"
"01/05/2018","3.16","3.16","3.18","3.15","3.84M","0.00%"
"01/04/2018","3.16","3.16","3.17","3.15","2.02M","0.32%"
"01/03/2018","3.15","3.16","3.17","3.15","3.05M","0.00%"
"01/02/2018","3.15","3.15","3.17","3.14","4.36M","0.00%"
"12/29/2017","3.15","3.16","3.16","3.14","2.68M","-0.32%"
"12/28/2017","3.16","3.15","3.16","3.15","1.72M","0.32%"
"12/27/2017","3.15","3.16","3.17","3.15","3.34M","-0.63%"
"12/22/2017","3.17","3.17","3.18","3.15","1.23M","0.00%"
"12/21/2017","3.17","3.14","3.18","3.14","3.90M","0.96%"
"12/20/2017","3.14","3.12","3.15","3.12","3.91M","0.64%"
"12/19/2017","3.12","3.11","3.12","3.11","1.43M","0.65%"
"12/18/2017","3.10","3.11","3.11","3.10","2.06M","0.00%"
"12/15/2017","3.10","3.11","3.11","3.10","1.34M","-0.32%"
"12/14/2017","3.11","3.10","3.11","3.10","711.42K","0.32%"
"12/13/2017","3.10","3.10","3.11","3.10","965.54K","0.00%"
"12/12/2017","3.10","3.10","3.11","3.09","3.44M","-0.32%"
"12/11/2017","3.11","3.09","3.11","3.09","1.39M","0.65%"
"12/08/2017","3.09","3.11","3.11","3.09","3.59M","-0.32%"
"12/07/2017","3.10","3.11","3.11","3.09","1.70M","-0.32%"
"12/06/2017","3.11","3.09","3.11","3.09","2.22M","0.65%"
"12/05/2017","3.09","3.11","3.11","3.09","1.79M","-0.32%"
"12/04/2017","3.10","3.09","3.11","3.09","2.14M","0.32%"
"12/01/2017","3.09","3.09","3.10","3.09","543.80K","0.00%"
"11/30/2017","3.09","3.10","3.10","3.09","2.25M","0.00%"
"11/29/2017","3.09","3.09","3.10","3.09","2.90M","-0.32%"
"11/28/2017","3.10","3.09","3.11","3.09","2.27M","0.00%"
"11/27/2017","3.10","3.06","3.11","3.06","4.19M","1.31%"
"11/24/2017","3.06","3.05","3.07","3.04","2.18M","0.33%"
"11/23/2017","3.05","3.04","3.05","3.03","2.48M","0.33%"
"11/22/2017","3.04","3.02","3.04","3.02","1.92M","0.66%"
"11/21/2017","3.02","3.03","3.03","3.02","3.09M","-0.33%"
"11/20/2017","3.03","3.03","3.03","3.02","2.98M","0.33%"
"11/17/2017","3.02","3.04","3.04","3.02","8.75M","-0.66%"
"11/16/2017","3.04","3.04","3.04","3.03","3.05M","0.00%"
"11/15/2017","3.04","3.04","3.04","3.03","1.41M","0.00%"
"11/14/2017","3.04","3.03","3.04","3.03","4.58M","0.33%"
"11/13/2017","3.03","3.04","3.04","3.03","3.53M","-0.33%"
"11/10/2017","3.04","3.04","3.04","3.03","2.67M","0.00%"
"11/09/2017","3.04","3.04","3.05","3.03","4.00M","-0.33%"
"11/08/2017","3.05","3.04","3.05","3.03","4.09M","0.33%"
"11/07/2017","3.04","3.04","3.05","3.03","5.09M","0.00%"
"11/06/2017","3.04","3.04","3.04","3.03","2.70M","0.00%"
"11/03/2017","3.04","3.04","3.04","3.03","2.23M","0.00%"
"11/02/2017","3.04","3.04","3.05","3.03","3.03M","0.00%"
"11/01/2017","3.04","3.04","3.05","3.04","4.86M","0.00%"
"10/31/2017","3.04","3.04","3.05","3.04","3.67M","0.00%"
"10/30/2017","3.04","3.05","3.05","3.04","1.48M","0.00%"
"10/27/2017","3.04","3.03","3.05","3.03","1.06M","0.33%"
"10/26/2017","3.03","3.04","3.05","3.03","3.42M","-0.66%"
"10/25/2017","3.05","3.05","3.05","3.03","8.74M","0.00%"
"10/24/2017","3.05","3.05","3.05","3.04","3.07M","0.00%"
"10/23/2017","3.05","3.05","3.05","3.04","3.13M","0.33%"
"10/20/2017","3.04","3.05","3.05","3.04","1.78M","0.00%"
"10/19/2017","3.04","3.05","3.05","3.04","2.30M","-0.33%"
"10/18/2017","3.05","3.04","3.05","3.04","2.49M","0.33%"
"10/17/2017","3.04","3.04","3.05","3.04","5.97M","-0.33%"
"10/16/2017","3.05","3.05","3.05","3.04","2.69M","0.00%"
"10/13/2017","3.05","3.05","3.05","3.04","4.53M","0.00%"
"10/12/2017","3.05","3.04","3.05","3.04","5.08M","0.00%"
"10/11/2017","3.05","3.05","3.05","3.04","3.00M","0.00%"
"10/10/2017","3.05","3.04","3.05","3.04","3.09M","0.00%"
"10/09/2017","3.05","3.05","3.06","3.04","2.81M","0.00%"
"10/06/2017","3.05","3.05","3.06","3.04","5.33M","0.00%"
"10/04/2017","3.05","3.04","3.05","3.04","4.92M","0.00%"
"10/03/2017","3.05","3.05","3.05","3.04","3.65M","0.00%"
"09/29/2017","3.05","3.05","3.05","3.04","4.53M","0.00%"
"09/28/2017","3.05","3.05","3.05","3.04","3.27M","0.00%"
"09/27/2017","3.05","3.05","3.05","3.04","2.94M","0.00%"
"09/26/2017","3.05","3.05","3.05","3.04","3.85M","0.33%"
"09/25/2017","3.04","3.05","3.05","3.04","1.94M","-0.33%"
"09/22/2017","3.05","3.05","3.06","3.04","2.34M","0.00%"
"09/21/2017","3.05","3.04","3.07","3.04","6.41M","-0.33%"
"09/20/2017","3.06","3.06","3.07","3.05","5.14M","-0.33%"
"09/19/2017","3.07","3.07","3.08","3.05","6.84M","-0.32%"
"09/18/2017","3.08","3.07","3.08","3.05","5.93M","0.33%"
"09/15/2017","3.07","3.07","3.07","3.05","3.81M","0.00%"
"09/14/2017","3.07","3.07","3.07","3.06","3.35M","0.33%"
"09/13/2017","3.06","3.07","3.08","3.06","4.74M","0.00%"
"09/12/2017","3.06","3.06","3.08","3.06","4.12M","0.00%"
"09/11/2017","3.06","3.07","3.07","3.06","2.09M","-0.33%"
"09/08/2017","3.07","3.06","3.07","3.05","1.88M","0.33%"
"09/07/2017","3.06","3.07","3.07","3.06","3.70M","0.00%"
"09/06/2017","3.06","3.07","3.07","3.06","6.85M","-0.33%"
"09/05/2017","3.07","3.07","3.08","3.06","1.17M","0.00%"
"09/04/2017","3.07","3.07","3.07","3.06","2.75M","0.00%"
"09/01/2017","3.07","3.07","3.08","3.06","2.36M","0.00%"
"08/31/2017","3.07","3.07","3.07","3.06","3.22M","0.00%"
"08/30/2017","3.07","3.08","3.08","3.06","10.58M","-0.32%"
"08/29/2017","3.08","3.08","3.09","3.07","2.64M","0.33%"
"08/28/2017","3.07","3.08","3.09","3.07","1.86M","-0.65%"
"08/25/2017","3.09","3.08","3.09","3.08","2.43M","0.65%"
"08/24/2017","3.07","3.07","3.09","3.07","1.46M","-0.32%"
"08/22/2017","3.08","3.09","3.09","3.07","5.18M","-0.32%"
"08/21/2017","3.09","3.08","3.09","3.07","2.61M","0.32%"
"08/18/2017","3.08","3.07","3.08","3.07","1.79M","0.33%"
"08/17/2017","3.07","3.07","3.08","3.06","2.09M","0.00%"
"08/16/2017","3.07","3.08","3.08","3.06","2.97M","0.00%"
"08/15/2017","3.07","3.07","3.08","3.07","3.31M","0.00%"
"08/14/2017","3.07","3.06","3.08","3.06","1.92M","0.33%"
"08/11/2017","3.06","3.07","3.07","3.06","4.43M","-0.33%"
"08/10/2017","3.07","3.10","3.10","3.07","7.12M","-4.36%"
"08/09/2017","3.21","3.22","3.22","3.20","6.68M","-0.31%"
"08/08/2017","3.22","3.22","3.23","3.22","5.25M","0.00%"
"08/07/2017","3.22","3.21","3.23","3.21","2.48M","0.31%"
"08/04/2017","3.21","3.21","3.22","3.20","3.73M","0.00%"
"08/03/2017","3.21","3.20","3.21","3.20","2.34M","0.31%"
"08/02/2017","3.20","3.20","3.21","3.19","2.66M","0.00%"
"08/01/2017","3.20","3.19","3.20","3.18","3.26M","0.63%"
"07/31/2017","3.18","3.20","3.21","3.18","4.84M","-1.24%"
"07/28/2017","3.22","3.22","3.22","3.20","4.32M","0.31%"
"07/27/2017","3.21","3.20","3.21","3.20","3.10M","0.63%"
"07/26/2017","3.19","3.20","3.22","3.19","5.76M","-0.31%"
"07/25/2017","3.20","3.20","3.21","3.19","3.83M","0.00%"
"07/24/2017","3.20","3.20","3.20","3.17","4.65M","0.31%"
"07/21/2017","3.19","3.18","3.20","3.18","4.49M","0.31%"
"07/20/2017","3.18","3.18","3.19","3.17","3.60M","0.32%"
"07/19/2017","3.17","3.14","3.18","3.13","8.45M","0.96%"
"07/18/2017","3.14","3.12","3.14","3.12","3.30M","0.64%"
"07/17/2017","3.12","3.11","3.13","3.10","3.49M","0.65%"
"07/14/2017","3.10","3.10","3.11","3.10","1.47M","0.00%"
"07/13/2017","3.10","3.10","3.13","3.09","5.39M","0.00%"
"07/12/2017","3.10","3.09","3.11","3.09","1.83M","0.65%"
"07/11/2017","3.08","3.09","3.10","3.08","3.25M","0.00%"
"07/10/2017","3.08","3.09","3.10","3.07","8.52M","-0.65%"
"07/07/2017","3.10","3.11","3.11","3.09","3.26M","0.00%"
"07/06/2017","3.10","3.12","3.12","3.10","3.07M","-0.64%"
"07/05/2017","3.12","3.11","3.13","3.11","2.70M","0.32%"
"07/04/2017","3.11","3.11","3.12","3.10","1.41M","-0.32%"
"07/03/2017","3.12","3.11","3.12","3.09","2.50M","0.32%"
"06/30/2017","3.11","3.10","3.11","3.09","2.00M","0.65%"
"06/29/2017","3.09","3.08","3.11","3.08","1.36M","0.32%"
"06/28/2017","3.08","3.10","3.11","3.08","5.85M","-0.65%"
"06/27/2017","3.10","3.10","3.11","3.09","7.66M","0.00%"
"06/26/2017","3.10","3.10","3.11","3.09","1.33M","0.00%"
"06/23/2017","3.10","3.08","3.11","3.08","1.91M","0.65%"
"06/22/2017","3.08","3.09","3.09","3.08","1.94M","-0.65%"
"06/21/2017","3.10","3.10","3.10","3.08","1.15M","0.32%"
"06/20/2017","3.09","3.06","3.10","3.05","1.99M","1.31%"
"06/19/2017","3.05","3.06","3.07","3.05","6.79M","-0.33%"
"06/16/2017","3.06","3.06","3.07","3.06","3.72M","0.00%"
"06/15/2017","3.06","3.07","3.08","3.06","3.52M","-0.33%"
"06/14/2017","3.07","3.08","3.08","3.06","10.40M","0.00%"
"06/13/2017","3.07","3.09","3.09","3.07","5.80M","-0.65%"
"06/12/2017","3.09","3.08","3.09","3.07","4.57M","0.32%"
"06/09/2017","3.08","3.08","3.08","3.07","7.80M","0.00%"
"06/08/2017","3.08","3.07","3.08","3.07","2.84M","0.33%"
"06/07/2017","3.07","3.08","3.08","3.07","6.38M","0.00%"
"06/06/2017","3.07","3.08","3.08","3.07","1.91M","0.00%"
"06/05/2017","3.07","3.09","3.09","3.07","1.95M","-0.32%"
"06/02/2017","3.08","3.09","3.10","3.08","6.56M","0.00%"
"06/01/2017","3.08","3.09","3.10","3.08","5.29M","0.00%"
"05/31/2017","3.08","3.09","3.10","3.08","8.31M","-0.32%"
"05/29/2017","3.09","3.10","3.10","3.09","4.49M","0.00%"
"05/26/2017","3.09","3.10","3.11","3.09","5.24M","-0.32%"
"05/25/2017","3.10","3.10","3.11","3.10","3.16M","-0.32%"
"05/24/2017","3.11","3.10","3.11","3.09","2.25M","0.32%"
"05/23/2017","3.10","3.10","3.10","3.09","4.01M","0.32%"
"05/22/2017","3.09","3.10","3.10","3.09","6.89M","-0.64%"
"05/19/2017","3.11","3.10","3.11","3.10","1.36M","0.32%"
"05/18/2017","3.10","3.10","3.11","3.09","2.58M","0.00%"
"05/17/2017","3.10","3.10","3.11","3.10","3.96M","0.00%"
"05/16/2017","3.10","3.11","3.11","3.10","2.10M","-0.32%"
"05/15/2017","3.11","3.11","3.11","3.10","1.90M","0.32%"
"05/12/2017","3.10","3.11","3.11","3.10","2.91M","-0.32%"
"05/11/2017","3.11","3.10","3.11","3.10","1.95M","0.00%"
"05/10/2017","3.11","3.10","3.12","3.10","5.08M","0.00%"
"05/09/2017","3.11","3.11","3.12","3.10","6.34M","0.00%"
"05/08/2017","3.11","3.12","3.14","3.10","3.72M","-0.32%"
"05/05/2017","3.12","3.10","3.12","3.10","2.32M","0.32%"
"05/04/2017","3.11","3.08","3.11","3.08","2.73M","0.32%"
"05/02/2017","3.10","3.08","3.10","3.08","2.41M","0.32%"
"04/28/2017","3.09","3.10","3.10","3.09","1.69M","-0.64%"
"04/27/2017","3.11","3.10","3.11","3.09","1.98M","0.32%"
"04/26/2017","3.10","3.10","3.11","3.09","4.12M","0.32%"
"04/25/2017","3.09","3.07","3.09","3.07","975.05K","0.32%"
"04/24/2017","3.08","3.08","3.09","3.07","1.54M","0.00%"
"04/21/2017","3.08","3.07","3.08","3.06","952.95K","0.65%"
"04/20/2017","3.06","3.06","3.07","3.05","1.08M","-0.33%"
"04/19/2017","3.07","3.06","3.07","3.05","7.69M","0.33%"
"04/18/2017","3.06","3.07","3.08","3.06","2.19M","-0.33%"
"04/13/2017","3.07","3.06","3.07","3.06","2.93M","0.00%"
"04/12/2017","3.07","3.08","3.08","3.05","4.17M","0.00%"
"04/11/2017","3.07","3.09","3.09","3.07","3.25M","-0.32%"
"04/10/2017","3.08","3.09","3.10","3.08","1.06M","-0.32%"
"04/07/2017","3.09","3.10","3.10","3.08","2.88M","-0.32%"
"04/06/2017","3.10","3.09","3.10","3.09","851.29K","0.32%"
"04/05/2017","3.09","3.09","3.10","3.08","2.02M","0.00%"
"04/03/2017","3.09","3.09","3.10","3.08","1.15M","0.00%"
"03/31/2017","3.09","3.08","3.09","3.07","1.32M","0.32%"
"03/30/2017","3.08","3.09","3.10","3.07","1.70M","-0.32%"
"03/29/2017","3.09","3.09","3.10","3.08","2.24M","0.00%"
"03/28/2017","3.09","3.07","3.09","3.06","2.37M","0.65%"
"03/27/2017","3.07","3.09","3.09","3.05","5.53M","-3.76%"
"03/24/2017","3.19","3.18","3.19","3.17","6.59M","0.31%"
"03/23/2017","3.18","3.18","3.19","3.18","3.24M","0.00%"
"03/22/2017","3.18","3.18","3.19","3.17","4.15M","0.32%"
"03/21/2017","3.17","3.17","3.18","3.16","2.50M","0.00%"
"03/20/2017","3.17","3.15","3.17","3.14","3.82M","0.63%"
"03/17/2017","3.15","3.15","3.16","3.14","1.92M","-0.32%"
"03/16/2017","3.16","3.16","3.16","3.14","1.84M","0.32%"
"03/15/2017","3.15","3.16","3.16","3.14","3.54M","-0.32%"
"03/14/2017","3.16","3.14","3.17","3.14","4.05M","0.64%"
"03/13/2017","3.14","3.10","3.15","3.09","2.64M","1.62%"
"03/10/2017","3.09","3.10","3.16","3.08","3.91M","-0.32%"
"03/09/2017","3.10","3.10","3.10","3.09","1.52M","0.00%"
"03/08/2017","3.10","3.05","3.10","3.04","13.90M","0.98%"
"03/07/2017","3.07","3.08","3.09","3.05","7.41M","0.00%"
"03/06/2017","3.07","3.07","3.10","3.06","6.90M","0.00%"
"03/03/2017","3.07","3.10","3.10","3.07","7.90M","-0.97%"
"03/02/2017","3.10","3.11","3.12","3.09","6.43M","0.32%"
"03/01/2017","3.09","3.12","3.12","3.09","7.54M","-0.96%"
"02/28/2017","3.12","3.12","3.12","3.09","6.88M","0.00%"
"02/27/2017","3.12","3.13","3.14","3.09","9.11M","0.32%"
"02/24/2017","3.11","3.11","3.13","3.10","7.34M","0.00%"
"02/23/2017","3.11","3.14","3.14","3.11","5.66M","-0.32%"
"02/22/2017","3.12","3.14","3.15","3.12","4.73M","-0.32%"
"02/21/2017","3.13","3.15","3.15","3.12","4.08M","0.00%"
"02/20/2017","3.13","3.15","3.15","3.12","5.85M","0.00%"
"02/17/2017","3.13","3.16","3.17","3.12","12.86M","-0.32%"
"02/16/2017","3.14","3.17","3.17","3.14","3.84M","-0.63%"
"02/15/2017","3.16","3.16","3.18","3.14","5.31M","0.64%"
"02/14/2017","3.14","3.16","3.16","3.13","1.89M","-0.32%"
"02/13/2017","3.15","3.13","3.17","3.13","5.57M","0.64%"
"02/10/2017","3.13","3.11","3.14","3.11","3.39M","0.64%"
"02/09/2017","3.11","3.13","3.14","3.11","2.91M","-0.64%"
"02/08/2017","3.13","3.12","3.13","3.11","3.40M","0.00%"
"02/07/2017","3.13","3.11","3.13","3.10","2.89M","1.29%"
"02/06/2017","3.09","3.10","3.11","3.09","3.79M","0.00%"
"02/03/2017","3.09","3.09","3.10","3.08","2.26M","0.00%"
"02/02/2017","3.09","3.09","3.10","3.08","3.07M","0.00%"
"02/01/2017","3.09","3.11","3.11","3.08","3.81M","-0.64%"
"01/27/2017","3.11","3.10","3.11","3.09","914.04K","0.32%"
"01/26/2017","3.10","3.10","3.11","3.09","2.73M","0.32%"
"01/25/2017","3.09","3.12","3.12","3.09","2.11M","-0.32%"
"01/24/2017","3.10","3.10","3.12","3.09","1.98M","0.32%"
"01/23/2017","3.09","3.11","3.11","3.09","6.10M","-0.96%"
"01/20/2017","3.12","3.11","3.13","3.10","3.70M","0.32%"
"01/19/2017","3.11","3.12","3.13","3.11","2.16M","-0.32%"
"01/18/2017","3.12","3.13","3.14","3.12","2.82M","-0.32%"
"01/17/2017","3.13","3.13","3.13","3.12","2.82M","0.32%"
"01/16/2017","3.12","3.13","3.13","3.12","3.34M","-0.32%"
"01/13/2017","3.13","3.13","3.15","3.12","2.47M","0.00%"
"01/12/2017","3.13","3.13","3.14","3.12","2.27M","0.00%"
"01/11/2017","3.13","3.14","3.14","3.12","2.12M","0.00%"
"01/10/2017","3.13","3.13","3.14","3.12","2.61M","0.00%"
"01/09/2017","3.13","3.14","3.15","3.12","1.33M","0.00%"
"01/06/2017","3.13","3.13","3.15","3.12","2.12M","0.00%"
"01/05/2017","3.13","3.12","3.15","3.12","1.72M","0.32%"
"01/04/2017","3.12","3.12","3.13","3.11","4.15M","-0.32%"
"01/03/2017","3.13","3.14","3.14","3.12","3.01M","-0.32%"
"12/30/2016","3.14","3.13","3.14","3.11","3.25M","0.96%"
"12/29/2016","3.11","3.14","3.14","3.11","4.05M","-0.64%"
"12/28/2016","3.13","3.15","3.15","3.11","4.28M","-0.32%"
"12/23/2016","3.14","3.14","3.15","3.13","2.42M","0.00%"
"12/22/2016","3.14","3.15","3.17","3.14","2.27M","-0.95%"
"12/21/2016","3.17","3.13","3.17","3.12","3.38M","1.28%"
"12/20/2016","3.13","3.14","3.14","3.12","2.96M","0.00%"
"12/19/2016","3.13","3.14","3.15","3.13","1.58M","-0.32%"
"12/16/2016","3.14","3.17","3.17","3.14","5.18M","-0.95%"
"12/15/2016","3.17","3.19","3.19","3.16","4.10M","-0.31%"
"12/14/2016","3.18","3.18","3.19","3.17","1.47M","0.00%"
"12/13/2016","3.18","3.19","3.19","3.18","2.31M","0.00%"
"12/12/2016","3.18","3.19","3.19","3.18","958.59K","-0.31%"
"12/09/2016","3.19","3.20","3.20","3.18","2.00M","0.00%"
"12/08/2016","3.19","3.20","3.20","3.18","2.55M","0.00%"
"12/07/2016","3.19","3.19","3.20","3.19","2.88M","0.00%"
"12/06/2016","3.19","3.20","3.20","3.18","2.92M","0.00%"
"12/05/2016","3.19","3.18","3.20","3.18","1.95M","0.31%"
"12/02/2016","3.18","3.21","3.21","3.18","2.38M","-0.31%"
"12/01/2016","3.19","3.20","3.21","3.19","1.94M","-1.24%"
"11/30/2016","3.23","3.16","3.25","3.16","4.12M","2.22%"
"11/29/2016","3.16","3.16","3.18","3.16","1.85M","-0.63%"
"11/28/2016","3.18","3.16","3.18","3.16","1.33M","0.32%"
"11/25/2016","3.17","3.19","3.20","3.15","4.74M","-0.31%"
"11/24/2016","3.18","3.19","3.19","3.17","4.11M","-0.31%"
"11/23/2016","3.19","3.17","3.19","3.17","798.00K","0.63%"
"11/22/2016","3.17","3.17","3.26","3.17","3.59M","-0.31%"
"11/21/2016","3.18","3.16","3.20","3.16","2.94M","0.32%"
"11/18/2016","3.17","3.15","3.18","3.15","2.68M","-0.31%"
"11/17/2016","3.18","3.16","3.19","3.16","3.82M","0.63%"
"11/16/2016","3.16","3.17","3.20","3.16","2.73M","-0.32%"
"11/15/2016","3.17","3.19","3.19","3.15","928.15K","-0.31%"
"11/14/2016","3.18","3.15","3.20","3.13","4.38M","0.95%"
"11/11/2016","3.15","3.13","3.15","3.11","2.49M","0.96%"
"11/10/2016","3.12","3.15","3.15","3.11","7.79M","-0.64%"
"11/09/2016","3.14","3.13","3.16","3.13","7.78M","0.00%"
"11/08/2016","3.14","3.15","3.16","3.13","9.17M","-0.32%"
"11/07/2016","3.15","3.15","3.16","3.13","6.12M","0.00%"
"11/04/2016","3.15","3.14","3.16","3.13","6.06M","0.32%"
"11/03/2016","3.14","3.13","3.17","3.13","7.97M","-0.63%"
"11/02/2016","3.16","3.17","3.18","3.15","6.22M","-0.94%"
"11/01/2016","3.19","3.19","3.20","3.16","5.91M","-0.31%"
"10/31/2016","3.20","3.20","3.21","3.18","3.13M","0.00%"
"10/28/2016","3.20","3.22","3.22","3.18","3.51M","0.00%"
"10/27/2016","3.20","3.20","3.22","3.19","2.14M","0.00%"
"10/26/2016","3.20","3.18","3.20","3.17","3.19M","0.31%"
"10/25/2016","3.19","3.23","3.23","3.18","7.34M","-1.54%"
"10/24/2016","3.24","3.29","3.29","3.23","5.75M","-1.52%"
"10/20/2016","3.29","3.27","3.30","3.25","3.41M","0.61%"
"10/19/2016","3.27","3.28","3.29","3.24","5.29M","-0.30%"
"10/18/2016","3.28","3.30","3.30","3.28","6.40M","-0.30%"
"10/17/2016","3.29","3.30","3.30","3.29","1.31M","-0.30%"
"10/14/2016","3.30","3.30","3.31","3.29","1.00M","0.00%"
"10/13/2016","3.30","3.31","3.31","3.29","2.25M","-0.30%"
"10/12/2016","3.31","3.30","3.31","3.29","2.94M","0.30%"
"10/11/2016","3.30","3.31","3.31","3.29","2.06M","0.00%"
"10/07/2016","3.30","3.30","3.31","3.29","2.75M","0.00%"
"10/06/2016","3.30","3.31","3.31","3.29","3.96M","-0.30%"
"10/05/2016","3.31","3.30","3.46","3.29","3.03M","0.61%"
"10/04/2016","3.29","3.31","3.31","3.29","1.98M","-0.60%"
"10/03/2016","3.31","3.31","3.32","3.29","2.71M","0.61%"
"09/30/2016","3.29","3.30","3.31","3.29","2.86M","-0.30%"
"09/29/2016","3.30","3.31","3.32","3.29","3.18M","-0.30%"
"09/28/2016","3.31","3.30","3.31","3.29","2.19M","0.30%"
"09/27/2016","3.30","3.31","3.31","3.29","3.73M","-0.30%"
"09/26/2016","3.31","3.30","3.32","3.30","2.40M","0.30%"
"09/23/2016","3.30","3.30","3.32","3.30","2.35M","0.00%"
"09/22/2016","3.30","3.31","3.32","3.30","8.24M","-0.30%"
"09/21/2016","3.31","3.30","3.32","3.30","9.78M","0.00%"
"09/20/2016","3.31","3.30","3.32","3.30","4.37M","0.30%"
"09/19/2016","3.30","3.31","3.32","3.30","3.73M","0.00%"
"09/15/2016","3.30","3.31","3.31","3.30","3.39M","-0.30%"
"09/14/2016","3.31","3.31","3.31","3.30","3.51M","-0.30%"
"09/13/2016","3.32","3.31","3.34","3.30","3.91M","0.61%"
"09/12/2016","3.30","3.34","3.34","3.29","2.71M","-1.20%"
"09/09/2016","3.34","3.34","3.36","3.31","3.77M","0.00%"
"09/08/2016","3.34","3.31","3.36","3.29","4.89M","0.91%"
"09/07/2016","3.31","3.31","3.32","3.29","5.14M","0.30%"
"09/06/2016","3.30","3.30","3.31","3.29","3.35M","0.00%"
"09/05/2016","3.30","3.32","3.32","3.29","6.16M","0.00%"
"09/02/2016","3.30","3.34","3.35","3.28","6.30M","-0.60%"
"09/01/2016","3.32","3.33","3.36","3.31","3.67M","0.30%"
"08/31/2016","3.31","3.33","3.41","3.26","13.24M","-0.90%"
"08/30/2016","3.34","3.39","3.39","3.34","5.14M","-1.18%"
"08/29/2016","3.38","3.40","3.41","3.37","4.25M","-0.88%"
"08/26/2016","3.41","3.46","3.46","3.40","4.51M","-1.45%"
"08/25/2016","3.46","3.43","3.46","3.42","2.53M","0.58%"
"08/24/2016","3.44","3.47","3.47","3.42","3.14M","-1.15%"
"08/23/2016","3.48","3.49","3.49","3.47","863.35K","-0.57%"
"08/22/2016","3.50","3.48","3.50","3.48","3.48M","0.00%"
"08/19/2016","3.50","3.48","3.50","3.46","4.42M","0.57%"
"08/18/2016","3.48","3.48","3.49","3.46","2.42M","-0.29%"
"08/17/2016","3.49","3.45","3.49","3.45","5.32M","0.00%"
"08/16/2016","3.49","3.46","3.49","3.45","4.70M","0.29%"
"08/15/2016","3.48","3.44","3.48","3.44","4.65M","0.58%"
"08/12/2016","3.46","3.42","3.46","3.42","5.47M","0.87%"
"08/11/2016","3.43","3.40","3.43","3.39","4.76M","0.88%"
"08/10/2016","3.40","3.38","3.40","3.37","5.31M","0.59%"
"08/09/2016","3.38","3.36","3.38","3.34","4.07M","0.60%"
"08/08/2016","3.36","3.35","3.38","3.34","6.94M","-4.00%"
"08/05/2016","3.50","3.49","3.51","3.49","9.13M","0.00%"
"08/04/2016","3.50","3.46","3.50","3.45","7.26M","1.16%"
"08/03/2016","3.46","3.43","3.46","3.43","4.89M","0.58%"
"08/01/2016","3.44","3.40","3.45","3.40","5.04M","0.58%"
"07/29/2016","3.42","3.40","3.45","3.40","3.07M","0.88%"
"07/28/2016","3.39","3.39","3.43","3.38","6.58M","0.00%"
"07/27/2016","3.39","3.33","3.40","3.33","7.97M","2.42%"
"07/26/2016","3.31","3.32","3.32","3.29","3.50M","0.30%"
"07/25/2016","3.30","3.29","3.32","3.29","2.45M","0.00%"
"07/22/2016","3.30","3.33","3.33","3.29","2.60M","-0.60%"
"07/21/2016","3.32","3.29","3.32","3.29","3.40M","0.91%"
"07/20/2016","3.29","3.31","3.32","3.29","3.04M","-0.60%"
"07/19/2016","3.31","3.35","3.35","3.29","2.71M","-0.30%"
"07/18/2016","3.32","3.33","3.35","3.30","2.10M","-0.60%"
"07/15/2016","3.34","3.33","3.38","3.33","3.97M","0.30%"
"07/14/2016","3.33","3.30","3.35","3.30","3.50M","0.91%"
"07/13/2016","3.30","3.27","3.30","3.27","3.07M","1.23%"
"07/12/2016","3.26","3.25","3.27","3.25","1.31M","0.31%"
"07/11/2016","3.25","3.25","3.27","3.25","1.20M","0.00%"
"07/08/2016","3.25","3.24","3.25","3.22","995.26K","0.00%"
"07/07/2016","3.25","3.20","3.25","3.20","2.72M","1.56%"
"07/06/2016","3.20","3.18","3.20","3.16","1.39M","0.63%"
"07/05/2016","3.18","3.19","3.20","3.17","1.29M","-0.62%"
"07/04/2016","3.20","3.18","3.20","3.18","2.20M","0.95%"
"06/30/2016","3.17","3.16","3.18","3.16","1.18M","0.32%"
"06/29/2016","3.16","3.15","3.17","3.15","1.22M","0.32%"
"06/28/2016","3.15","3.15","3.15","3.14","3.12M","0.00%"
"06/27/2016","3.15","3.12","3.16","3.12","2.01M","0.64%"
"06/24/2016","3.13","3.15","3.15","3.11","2.74M","-0.32%"
"06/23/2016","3.14","3.15","3.15","3.14","1.84M","0.00%"
"06/22/2016","3.14","3.14","3.15","3.14","3.46M","0.00%"
"06/21/2016","3.14","3.14","3.15","3.13","875.00K","0.00%"
"06/20/2016","3.14","3.14","3.14","3.12","1.17M","0.32%"
"06/17/2016","3.13","3.14","3.15","3.13","1.52M","0.00%"
"06/16/2016","3.13","3.15","3.16","3.11","4.47M","-0.63%"
"06/15/2016","3.15","3.15","3.15","3.14","1.46M","0.00%"
"06/14/2016","3.15","3.14","3.16","3.14","1.10M","0.32%"
"06/13/2016","3.14","3.18","3.18","3.13","3.56M","-1.57%"
"06/10/2016","3.19","3.20","3.20","3.18","1.95M","-0.31%"
"06/08/2016","3.20","3.20","3.20","3.18","2.89M","0.00%"
"06/07/2016","3.20","3.16","3.20","3.16","4.10M","1.27%"
"06/06/2016","3.16","3.15","3.16","3.14","2.76M","0.64%"
"06/03/2016","3.14","3.14","3.15","3.13","1.65M","0.00%"
"06/02/2016","3.14","3.11","3.14","3.11","1.34M","0.64%"
"06/01/2016","3.12","3.11","3.12","3.10","1.26M","0.32%"
"05/31/2016","3.11","3.10","3.11","3.08","1.20M","0.32%"
"05/30/2016","3.10","3.10","3.10","3.08","3.24M","0.00%"
"05/27/2016","3.10","3.11","3.11","3.08","2.62M","0.00%"
"05/26/2016","3.10","3.10","3.11","3.09","550.85K","-0.32%"
"05/25/2016","3.11","3.10","3.11","3.08","2.43M","0.65%"
"05/24/2016","3.09","3.10","3.10","3.08","2.20M","-0.32%"
"05/23/2016","3.10","3.09","3.11","3.08","2.63M","0.00%"
"05/20/2016","3.10","3.09","3.10","3.08","1.77M","0.00%"
"05/19/2016","3.10","3.08","3.10","3.08","734.00K","0.32%"
"05/18/2016","3.09","3.11","3.11","3.08","2.02M","-0.64%"
"05/17/2016","3.11","3.09","3.11","3.08","1.98M","0.32%"
"05/16/2016","3.10","3.08","3.11","3.08","1.23M","0.65%"
"05/13/2016","3.08","3.08","3.10","3.07","1.31M","-0.32%"
"05/12/2016","3.09","3.08","3.10","3.07","1.49M","0.00%"
"05/11/2016","3.09","3.09","3.10","3.08","2.18M","-0.32%"
"05/10/2016","3.10","3.09","3.10","3.08","1.83M","0.32%"
"05/09/2016","3.09","3.09","3.10","3.09","1.59M","0.00%"
"05/06/2016","3.09","3.10","3.11","3.08","1.44M","-0.64%"
"05/05/2016","3.11","3.09","3.11","3.08","2.57M","0.97%"
"05/04/2016","3.08","3.11","3.11","3.08","2.39M","-0.32%"
"05/03/2016","3.09","3.10","3.12","3.08","4.96M","-0.32%"
"04/29/2016","3.10","3.09","3.12","3.09","963.55K","-0.64%"
"04/28/2016","3.12","3.10","3.12","3.09","4.14M","0.65%"
"04/27/2016","3.10","3.09","3.11","3.09","2.72M","0.00%"
"04/26/2016","3.10","3.10","3.10","3.09","1.40M","0.00%"
"04/25/2016","3.10","3.09","3.10","3.08","735.46K","0.00%"
"04/22/2016","3.10","3.10","3.10","3.09","1.04M","0.00%"
"04/21/2016","3.10","3.10","3.11","3.08","2.67M","0.65%"
"04/20/2016","3.08","3.08","3.10","3.07","2.99M","-0.32%"
"04/19/2016","3.09","3.10","3.10","3.09","1.90M","-0.32%"
"04/18/2016","3.10","3.09","3.10","3.07","2.15M","0.00%"
"04/15/2016","3.10","3.09","3.10","3.08","2.74M","0.32%"
"04/14/2016","3.09","3.10","3.10","3.08","2.12M","-0.32%"
"04/13/2016","3.10","3.09","3.10","3.08","1.46M","0.00%"
"04/12/2016","3.10","3.09","3.10","3.08","876.00K","0.32%"
"04/11/2016","3.09","3.10","3.11","3.09","634.61K","-0.64%"
"04/08/2016","3.11","3.10","3.11","3.10","911.45K","0.00%"
"04/07/2016","3.11","3.10","3.12","3.10","995.35K","0.32%"
"04/06/2016","3.10","3.12","3.12","3.10","745.78K","0.00%"
"04/05/2016","3.10","3.12","3.12","3.10","1.88M","-0.64%"
"04/01/2016","3.12","3.11","3.12","3.10","1.53M","0.65%"
"03/31/2016","3.10","3.10","3.14","3.08","3.51M","0.65%"
"03/30/2016","3.08","3.08","3.10","3.06","2.61M","-4.35%"
"03/29/2016","3.22","3.20","3.23","3.20","3.37M","0.62%"
"03/24/2016","3.20","3.19","3.21","3.18","1.52M","0.63%"
"03/23/2016","3.18","3.19","3.20","3.18","1.52M","-0.31%"
"03/22/2016","3.19","3.21","3.23","3.18","1.83M","-0.62%"
"03/21/2016","3.21","3.21","3.25","3.19","1.84M","0.63%"
"03/18/2016","3.19","3.18","3.25","3.18","6.46M","0.00%"
"03/17/2016","3.19","3.20","3.20","3.18","1.22M","-0.31%"
"03/16/2016","3.20","3.16","3.20","3.15","1.40M","0.63%"
"03/15/2016","3.18","3.18","3.18","3.15","1.25M","0.00%"
"03/14/2016","3.18","3.18","3.19","3.17","872.40K","0.95%"
"03/11/2016","3.15","3.16","3.20","3.14","2.91M","-0.63%"
"03/10/2016","3.17","3.17","3.20","3.16","1.88M","0.00%"
"03/09/2016","3.17","3.18","3.20","3.17","1.51M","-0.63%"
"03/08/2016","3.19","3.17","3.19","3.17","1.08M","0.00%"
"03/07/2016","3.19","3.20","3.20","3.18","1.20M","-0.31%"
"03/04/2016","3.20","3.18","3.21","3.17","1.78M","-0.62%"
"03/03/2016","3.22","3.20","3.22","3.16","1.67M","1.90%"
"03/02/2016","3.16","3.18","3.21","3.14","1.45M","0.32%"
"03/01/2016","3.15","3.18","3.18","3.15","1.14M","-1.56%"
"02/29/2016","3.20","3.16","3.22","3.10","5.94M","0.95%"
"02/26/2016","3.17","3.11","3.18","3.11","1.61M","1.28%"
"02/25/2016","3.13","3.10","3.13","3.09","2.28M","1.62%"
"02/24/2016","3.08","3.08","3.11","3.08","1.31M","-0.65%"
"02/23/2016","3.10","3.07","3.10","3.07","796.37K","0.65%"
"02/22/2016","3.08","3.06","3.09","3.06","606.00K","0.33%"
"02/19/2016","3.07","3.04","3.08","3.04","1.50M","0.66%"
"02/18/2016","3.05","3.02","3.06","3.02","2.13M","0.99%"
"02/17/2016","3.02","3.04","3.05","3.01","1.05M","-0.66%"
"02/16/2016","3.04","3.03","3.04","3.01","1.14M","1.00%"
"02/15/2016","3.01","3.01","3.03","3.00","955.34K","0.00%"
"02/12/2016","3.01","3.00","3.01","2.99","1.26M","0.33%"
"02/11/2016","3.00","2.99","3.01","2.98","1.56M","-0.66%"
"02/05/2016","3.02","3.00","3.03","3.00","1.30M","0.00%"
"02/04/2016","3.02","2.99","3.02","2.99","2.22M","1.34%"
"02/03/2016","2.98","3.03","3.04","2.98","4.52M","-1.65%"
"02/02/2016","3.03","3.01","3.04","3.00","2.22M","0.66%"
"02/01/2016","3.01","3.02","3.04","3.01","1.15M","0.00%"
"01/29/2016","3.01","3.01","3.03","3.00","1.92M","0.00%"
"01/28/2016","3.01","3.02","3.04","3.00","753.99K","-0.33%"
"01/27/2016","3.02","3.02","3.04","3.00","570.58K","0.33%"
"01/26/2016","3.01","3.00","3.03","2.99","2.04M","-0.66%"
"01/25/2016","3.03","3.02","3.08","2.99","2.34M","0.33%"
"01/22/2016","3.02","3.02","3.06","3.00","4.87M","0.00%"
"01/21/2016","3.02","3.02","3.08","3.02","1.25M","-0.33%"
"01/20/2016","3.03","3.08","3.10","3.02","2.48M","-2.26%"
"01/19/2016","3.10","3.02","3.10","3.01","1.96M","2.65%"
"01/18/2016","3.02","3.01","3.04","3.00","2.20M","0.33%"
"01/15/2016","3.01","3.04","3.04","3.00","1.98M","-0.99%"
"01/14/2016","3.04","3.03","3.07","2.98","3.01M","-0.33%"
"01/13/2016","3.05","3.13","3.13","3.05","4.02M","-0.97%"
"01/12/2016","3.08","3.12","3.20","3.07","3.24M","-0.65%"
"01/11/2016","3.10","3.23","3.25","3.08","5.59M","-4.62%"
"01/08/2016","3.25","3.28","3.29","3.24","3.17M","-0.91%"
"01/07/2016","3.28","3.31","3.31","3.28","3.07M","-0.91%"
"01/06/2016","3.31","3.31","3.32","3.31","811.18K","0.00%"
"01/05/2016","3.31","3.32","3.33","3.31","1.33M","-0.60%"
"01/04/2016","3.33","3.31","3.33","3.31","1.38M","0.00%"
"12/31/2015","3.33","3.32","3.33","3.31","1.40M","0.00%"
"12/30/2015","3.33","3.33","3.33","3.31","1.27M","0.00%"
"12/29/2015","3.33","3.33","3.33","3.32","340.82K","0.60%"
"12/28/2015","3.31","3.33","3.33","3.31","618.17K","-0.60%"
"12/24/2015","3.33","3.31","3.33","3.31","206.00K","0.60%"
"12/23/2015","3.31","3.32","3.32","3.31","899.71K","0.00%"
"12/22/2015","3.31","3.31","3.32","3.31","460.90K","-0.30%"
"12/21/2015","3.32","3.31","3.32","3.31","693.36K","-0.30%"
"12/18/2015","3.33","3.32","3.33","3.31","1.17M","0.30%"
"12/17/2015","3.32","3.32","3.33","3.31","1.08M","0.00%"
"12/16/2015","3.32","3.33","3.33","3.31","661.93K","0.30%"
"12/15/2015","3.31","3.30","3.33","3.30","1.17M","0.30%"
"12/14/2015","3.30","3.30","3.32","3.29","1.94M","-0.60%"
"12/11/2015","3.32","3.34","3.35","3.32","1.89M","-0.90%"
"12/10/2015","3.35","3.33","3.36","3.32","797.41K","-0.30%"
"12/09/2015","3.36","3.35","3.37","3.33","1.25M","0.30%"
"12/08/2015","3.35","3.36","3.36","3.35","1.24M","-0.59%"
"12/07/2015","3.37","3.36","3.37","3.35","1.14M","0.00%"
"12/04/2015","3.37","3.37","3.37","3.35","1.33M","0.00%"
"12/03/2015","3.37","3.37","3.37","3.35","1.15M","0.60%"
"12/02/2015","3.35","3.37","3.37","3.34","1.04M","-0.30%"
"12/01/2015","3.36","3.34","3.36","3.33","1.78M","0.90%"
"11/30/2015","3.33","3.34","3.34","3.31","1.30M","0.00%"
"11/27/2015","3.33","3.31","3.33","3.31","736.15K","0.30%"
"11/26/2015","3.32","3.31","3.32","3.30","919.22K","0.00%"
"11/25/2015","3.32","3.31","3.32","3.30","1.72M","0.30%"
"11/24/2015","3.31","3.32","3.33","3.30","1.38M","0.00%"
"11/23/2015","3.31","3.31","3.32","3.30","656.61K","0.00%"
"11/20/2015","3.31","3.32","3.32","3.31","287.42K","0.00%"
"11/19/2015","3.31","3.30","3.32","3.30","953.89K","0.30%"
"11/18/2015","3.30","3.30","3.32","3.30","533.00K","0.00%"
"11/17/2015","3.30","3.31","3.32","3.30","1.29M","-0.30%"
"11/16/2015","3.31","3.29","3.31","3.29","1.25M","-0.30%"
"11/13/2015","3.32","3.31","3.32","3.30","901.63K","0.00%"
"11/12/2015","3.32","3.31","3.32","3.31","618.62K","0.61%"
"11/11/2015","3.30","3.30","3.31","3.30","1.42M","0.00%"
"11/10/2015","3.30","3.31","3.31","3.29","1.49M","-0.30%"
"11/09/2015","3.31","3.31","3.33","3.31","1.32M","-0.30%"
"11/06/2015","3.32","3.32","3.33","3.31","1.16M","0.00%"
"11/05/2015","3.32","3.32","3.33","3.31","495.03K","0.00%"
"11/04/2015","3.32","3.32","3.33","3.31","1.43M","0.30%"
"11/03/2015","3.31","3.32","3.32","3.31","889.22K","0.30%"
"11/02/2015","3.30","3.32","3.32","3.28","1.49M","0.00%"
"10/30/2015","3.30","3.28","3.31","3.28","2.93M","0.92%"
"10/29/2015","3.27","3.26","3.28","3.26","1.13M","0.31%"
"10/28/2015","3.26","3.26","3.27","3.25","1.30M","0.31%"
"10/27/2015","3.25","3.26","3.27","3.25","1.11M","-0.31%"
"10/26/2015","3.26","3.26","3.27","3.25","1.54M","0.62%"
"10/23/2015","3.24","3.24","3.25","3.23","1.27M","0.62%"
"10/22/2015","3.22","3.22","3.26","3.22","1.47M","0.31%"
"10/20/2015","3.21","3.22","3.23","3.21","1.13M","-0.31%"
"10/19/2015","3.22","3.22","3.23","3.22","897.24K","0.31%"
"10/16/2015","3.21","3.21","3.22","3.21","1.06M","0.00%"
"10/15/2015","3.21","3.22","3.23","3.20","1.68M","0.00%"
"10/14/2015","3.21","3.21","3.23","3.20","665.51K","0.00%"
"10/13/2015","3.21","3.23","3.24","3.21","1.02M","-0.62%"
"10/12/2015","3.23","3.25","3.25","3.23","1.01M","-0.62%"
"10/09/2015","3.25","3.22","3.25","3.22","1.07M","1.25%"
"10/08/2015","3.21","3.21","3.22","3.19","960.23K","0.00%"
"10/07/2015","3.21","3.20","3.21","3.19","1.90M","0.31%"
"10/06/2015","3.20","3.19","3.20","3.18","489.91K","0.63%"
"10/05/2015","3.18","3.18","3.20","3.18","1.21M","0.00%"
"10/02/2015","3.18","3.15","3.18","3.15","797.86K","0.95%"
"09/30/2015","3.15","3.15","3.17","3.15","1.12M","0.32%"
"09/29/2015","3.14","3.16","3.17","3.11","1.89M","-0.95%"
"09/25/2015","3.17","3.17","3.18","3.16","1.47M","0.00%"
"09/24/2015","3.17","3.17","3.19","3.15","1.12M","0.32%"
"09/23/2015","3.16","3.14","3.18","3.14","1.54M","-0.32%"
"09/22/2015","3.17","3.15","3.19","3.15","1.09M","0.32%"
"09/21/2015","3.16","3.13","3.17","3.13","407.00K","0.96%"
"09/18/2015","3.13","3.16","3.17","3.13","950.00K","-0.63%"
"09/17/2015","3.15","3.14","3.17","3.14","1.35M","0.32%"
"09/16/2015","3.14","3.11","3.14","3.11","1.78M","0.96%"
"09/15/2015","3.11","3.12","3.12","3.10","672.09K","0.00%"
"09/14/2015","3.11","3.10","3.12","3.09","881.37K","0.32%"
"09/11/2015","3.10","3.07","3.12","3.07","1.23M","0.98%"
"09/10/2015","3.07","3.04","3.09","3.04","533.00K","-0.65%"
"09/09/2015","3.09","3.08","3.10","3.05","4.56M","0.65%"
"09/08/2015","3.07","3.01","3.08","3.01","1.38M","1.99%"
"09/07/2015","3.01","3.02","3.04","3.00","3.35M","-0.99%"
"09/04/2015","3.04","3.09","3.09","3.03","3.12M","-0.65%"
"09/02/2015","3.06","3.12","3.13","3.05","2.07M","-2.24%"
"09/01/2015","3.13","3.20","3.20","3.12","1.28M","-0.95%"
"08/31/2015","3.16","3.19","3.22","3.15","4.17M","-0.63%"
"08/28/2015","3.18","3.15","3.19","3.13","2.68M","1.60%"
"08/27/2015","3.13","3.05","3.15","3.01","3.57M","3.99%"
"08/26/2015","3.01","3.02","3.03","2.99","7.68M","2.03%"
"08/25/2015","2.95","3.12","3.13","2.94","10.45M","-6.05%"
"08/24/2015","3.14","3.23","3.23","3.10","7.93M","-3.68%"
"08/21/2015","3.26","3.26","3.29","3.24","4.65M","-0.91%"
"08/20/2015","3.29","3.28","3.30","3.25","1.94M","-0.30%"
"08/19/2015","3.30","3.31","3.34","3.23","5.38M","-0.90%"
"08/18/2015","3.33","3.36","3.36","3.31","4.31M","-0.60%"
"08/17/2015","3.35","3.36","3.36","3.34","2.32M","-0.30%"
"08/14/2015","3.36","3.36","3.38","3.35","4.24M","0.00%"
"08/13/2015","3.36","3.37","3.38","3.35","3.51M","-0.59%"
"08/12/2015","3.38","3.38","3.40","3.36","6.94M","-0.59%"
"08/11/2015","3.40","3.41","3.41","3.38","2.13M","0.29%"
"08/10/2015","3.39","3.40","3.41","3.38","889.60K","0.00%"
"08/07/2015","3.39","3.38","3.41","3.38","1.25M","-0.29%"
"08/06/2015","3.40","3.40","3.42","3.38","2.28M","-0.29%"
"08/05/2015","3.41","3.39","3.41","3.37","2.53M","0.59%"
"08/04/2015","3.39","3.40","3.42","3.38","3.63M","-0.29%"
"08/03/2015","3.40","3.50","3.50","3.40","3.54M","-3.95%"
"07/31/2015","3.54","3.53","3.54","3.52","3.99M","0.00%"
"07/30/2015","3.54","3.55","3.55","3.52","2.94M","-0.28%"
"07/29/2015","3.55","3.53","3.55","3.51","2.95M","0.57%"
"07/28/2015","3.53","3.51","3.54","3.50","1.62M","0.57%"
"07/27/2015","3.51","3.52","3.53","3.49","4.60M","-0.57%"
"07/24/2015","3.53","3.55","3.56","3.53","2.89M","-0.56%"
"07/23/2015","3.55","3.53","3.56","3.53","3.73M","0.57%"
"07/22/2015","3.53","3.51","3.53","3.50","2.51M","0.86%"
"07/21/2015","3.50","3.51","3.51","3.46","6.45M","-0.28%"
"07/20/2015","3.51","3.48","3.51","3.46","3.01M","1.45%"
"07/17/2015","3.46","3.45","3.48","3.45","1.92M","0.29%"
"07/16/2015","3.45","3.45","3.46","3.43","2.78M","0.00%"
"07/15/2015","3.45","3.45","3.45","3.44","3.83M","0.29%"
"07/14/2015","3.44","3.43","3.46","3.43","4.83M","0.29%"
"07/13/2015","3.43","3.39","3.43","3.38","9.34M","1.18%"
"07/10/2015","3.39","3.38","3.41","3.38","3.77M","0.00%"
"07/09/2015","3.39","3.38","3.40","3.37","5.29M","0.59%"
"07/08/2015","3.37","3.43","3.43","3.36","8.22M","-2.03%"
"07/07/2015","3.44","3.43","3.45","3.42","2.30M","0.29%"
"07/06/2015","3.43","3.47","3.47","3.42","6.25M","-1.44%"
"07/03/2015","3.48","3.47","3.48","3.46","1.96M","0.00%"
"07/02/2015","3.48","3.48","3.49","3.47","3.39M","0.00%"
"06/30/2015","3.48","3.46","3.48","3.46","1.73M","0.00%"
"06/29/2015","3.48","3.49","3.49","3.46","4.74M","-0.29%"
"06/26/2015","3.49","3.49","3.49","3.47","2.55M","0.00%"
"06/25/2015","3.49","3.49","3.49","3.48","2.87M","0.00%"
"06/24/2015","3.49","3.48","3.49","3.48","917.07K","0.29%"
"06/23/2015","3.48","3.49","3.49","3.47","2.79M","-0.29%"
"06/22/2015","3.49","3.48","3.49","3.47","2.31M","0.29%"
"06/19/2015","3.48","3.49","3.49","3.48","1.89M","-0.29%"
"06/18/2015","3.49","3.47","3.50","3.47","1.79M","0.29%"
"06/17/2015","3.48","3.48","3.49","3.47","2.98M","0.00%"
"06/16/2015","3.48","3.49","3.49","3.48","1.01M","-0.29%"
"06/15/2015","3.49","3.47","3.50","3.47","2.84M","0.58%"
"06/12/2015","3.47","3.49","3.49","3.47","1.76M","-0.29%"
"06/11/2015","3.48","3.49","3.50","3.47","2.86M","0.00%"
"06/10/2015","3.48","3.50","3.50","3.48","1.05M","-0.29%"
"06/09/2015","3.49","3.49","3.50","3.47","4.06M","0.00%"
"06/08/2015","3.49","3.49","3.50","3.48","1.43M","-0.29%"
"06/05/2015","3.50","3.49","3.50","3.48","3.43M","0.29%"
"06/04/2015","3.49","3.48","3.50","3.48","1.26M","0.00%"
"06/03/2015","3.49","3.48","3.51","3.48","5.73M","0.00%"
"06/02/2015","3.49","3.49","3.50","3.48","1.01M","0.29%"
"06/01/2015","3.48","3.49","3.50","3.48","2.87M","-0.57%"
"05/29/2015","3.50","3.50","3.51","3.49","1.42M","0.00%"
"05/28/2015","3.50","3.51","3.52","3.50","1.43M","0.00%"
"05/27/2015","3.50","3.49","3.51","3.49","1.74M","0.00%"
"05/26/2015","3.50","3.52","3.52","3.48","2.03M","0.00%"
"05/22/2015","3.50","3.51","3.52","3.49","4.60M","-0.28%"
"05/21/2015","3.51","3.51","3.51","3.50","1.62M","0.29%"
"05/20/2015","3.50","3.49","3.51","3.49","1.88M","0.00%"
"05/19/2015","3.50","3.49","3.50","3.48","1.04M","0.57%"
"05/18/2015","3.48","3.48","3.51","3.48","1.18M","0.00%"
"05/15/2015","3.48","3.48","3.49","3.46","2.83M","0.58%"
"05/14/2015","3.46","3.50","3.50","3.46","2.12M","-0.57%"
"05/13/2015","3.48","3.51","3.51","3.47","2.02M","-1.14%"
"05/12/2015","3.52","3.50","3.53","3.50","1.23M","0.00%"
"05/11/2015","3.52","3.51","3.52","3.50","2.43M","0.28%"
"05/08/2015","3.51","3.49","3.51","3.46","2.13M","1.45%"
"05/07/2015","3.46","3.49","3.51","3.44","3.08M","-0.57%"
"05/06/2015","3.48","3.49","3.52","3.47","2.26M","-0.57%"
"05/05/2015","3.50","3.51","3.53","3.50","2.83M","-0.28%"
"05/04/2015","3.51","3.50","3.51","3.46","2.69M","1.45%"
"04/30/2015","3.46","3.47","3.48","3.46","2.08M","-0.29%"
"04/29/2015","3.47","3.44","3.48","3.43","2.52M","1.17%"
"04/28/2015","3.43","3.42","3.45","3.42","3.02M","0.29%"
"04/27/2015","3.42","3.40","3.43","3.39","2.73M","0.29%"
"04/24/2015","3.41","3.41","3.42","3.40","2.81M","0.29%"
"04/23/2015","3.40","3.39","3.41","3.38","2.64M","0.29%"
"04/22/2015","3.39","3.38","3.39","3.37","3.37M","0.30%"
"04/21/2015","3.38","3.37","3.38","3.37","2.71M","0.00%"
"04/20/2015","3.38","3.38","3.38","3.37","1.45M","0.00%"
"04/17/2015","3.38","3.38","3.39","3.37","3.35M","0.00%"
"04/16/2015","3.38","3.40","3.40","3.37","4.81M","0.30%"
"04/15/2015","3.37","3.39","3.41","3.37","4.85M","-0.59%"
"04/14/2015","3.39","3.40","3.41","3.39","2.22M","0.00%"
"04/13/2015","3.39","3.40","3.41","3.39","5.24M","-0.29%"
"04/10/2015","3.40","3.40","3.41","3.40","2.12M","0.00%"
"04/09/2015","3.40","3.41","3.42","3.39","3.76M","0.00%"
"04/08/2015","3.40","3.40","3.41","3.39","3.92M","0.29%"
"04/02/2015","3.39","3.38","3.39","3.38","941.85K","0.59%"
"04/01/2015","3.37","3.38","3.38","3.37","1.19M","-0.30%"
"03/31/2015","3.38","3.37","3.39","3.37","1.50M","0.30%"
"03/30/2015","3.37","3.37","3.38","3.36","2.48M","0.00%"
"03/27/2015","3.37","3.35","3.38","3.35","1.79M","0.30%"
"03/26/2015","3.36","3.39","3.39","3.36","1.76M","-0.88%"
"03/25/2015","3.39","3.36","3.40","3.36","3.28M","0.89%"
"03/24/2015","3.36","3.35","3.37","3.35","2.26M","0.30%"
"03/23/2015","3.35","3.36","3.37","3.35","1.46M","-0.30%"
"03/20/2015","3.36","3.37","3.37","3.35","1.73M","-0.30%"
"03/19/2015","3.37","3.38","3.38","3.36","2.33M","0.00%"
"03/18/2015","3.37","3.38","3.38","3.37","2.43M","0.00%"
"03/17/2015","3.37","3.38","3.39","3.37","2.92M","-0.59%"
"03/16/2015","3.39","3.40","3.40","3.38","2.36M","0.00%"
"03/13/2015","3.39","3.40","3.40","3.38","3.25M","0.59%"
"03/12/2015","3.37","3.42","3.42","3.37","3.64M","-4.53%"
"03/11/2015","3.53","3.54","3.55","3.52","4.58M","-0.28%"
"03/10/2015","3.54","3.55","3.57","3.52","4.18M","-0.28%"
"03/09/2015","3.55","3.53","3.57","3.52","6.54M","0.57%"
"03/06/2015","3.53","3.52","3.53","3.51","2.06M","0.57%"
"03/05/2015","3.51","3.51","3.51","3.50","5.55M","-0.28%"
"03/04/2015","3.52","3.50","3.52","3.50","1.77M","0.57%"
"03/03/2015","3.50","3.51","3.52","3.50","7.88M","-0.28%"
"03/02/2015","3.51","3.51","3.53","3.50","6.13M","0.29%"
"02/27/2015","3.50","3.49","3.51","3.49","4.47M","0.29%"
"02/26/2015","3.49","3.48","3.51","3.48","2.55M","0.29%"
"02/25/2015","3.48","3.48","3.51","3.48","2.73M","-0.57%"
"02/24/2015","3.50","3.48","3.50","3.47","1.75M","0.86%"
"02/23/2015","3.47","3.47","3.48","3.47","1.17M","-0.29%"
"02/18/2015","3.48","3.46","3.48","3.46","242.00K","0.58%"
"02/17/2015","3.46","3.46","3.48","3.45","2.42M","0.29%"
"02/16/2015","3.45","3.45","3.48","3.45","2.22M","0.00%"
"02/13/2015","3.45","3.45","3.47","3.45","1.60M","0.00%"
"02/12/2015","3.45","3.47","3.48","3.45","1.93M","-0.58%"
"02/11/2015","3.47","3.47","3.48","3.47","420.91K","-0.29%"
"02/10/2015","3.48","3.47","3.48","3.46","242.00K","0.29%"
"02/09/2015","3.47","3.46","3.47","3.45","2.90M","0.00%"
"02/06/2015","3.47","3.46","3.48","3.46","3.41M","-0.29%"
"02/05/2015","3.48","3.47","3.48","3.46","3.04M","0.29%"
"02/04/2015","3.47","3.47","3.48","3.47","947.43K","0.00%"
"02/03/2015","3.47","3.47","3.48","3.46","1.32M","0.00%"
"02/02/2015","3.47","3.48","3.48","3.46","1.80M","-0.29%"
"01/30/2015","3.48","3.48","3.49","3.47","1.73M","0.29%"
"01/29/2015","3.47","3.48","3.48","3.46","1.61M","-0.29%"
"01/28/2015","3.48","3.46","3.48","3.46","1.10M","0.58%"
"01/27/2015","3.46","3.49","3.49","3.46","1.91M","-0.57%"
"01/26/2015","3.48","3.48","3.49","3.47","757.00K","0.00%"
"01/23/2015","3.48","3.46","3.48","3.45","2.34M","0.87%"
"01/22/2015","3.45","3.46","3.46","3.44","951.91K","-0.29%"
"01/21/2015","3.46","3.44","3.46","3.43","3.09M","0.87%"
"01/20/2015","3.43","3.42","3.44","3.42","2.22M","0.00%"
"01/19/2015","3.43","3.44","3.44","3.42","2.19M","3.31%"
"01/17/2015","3.32","3.32","3.32","3.32","","-3.49%"
"01/16/2015","3.44","3.44","3.44","3.42","1.47M","0.00%"
"01/15/2015","3.44","3.43","3.44","3.42","2.04M","0.00%"
"01/14/2015","3.44","3.45","3.46","3.44","2.34M","-0.29%"
"01/13/2015","3.45","3.45","3.47","3.45","2.41M","-0.58%"
"01/12/2015","3.47","3.48","3.48","3.46","2.97M","-0.29%"
"01/09/2015","3.48","3.48","3.49","3.47","1.82M","0.00%"
"01/08/2015","3.48","3.48","3.48","3.47","1.60M","0.29%"
"01/07/2015","3.47","3.47","3.48","3.47","806.40K","0.00%"
"01/06/2015","3.47","3.47","3.48","3.46","1.96M","-0.29%"
"01/05/2015","3.48","3.47","3.49","3.47","2.89M","0.00%"
"01/02/2015","3.48","3.46","3.49","3.46","2.35M","0.00%"